1	H	33119	33	0.067
2	P	9320	10	0.199
3	P	4187	5	0.199
4	P	2021	2	0.199
5	P	2293	3	0.199
6	P	8813	9	0.334
7	P	3317	4	0.334
8	P	2595	3	0.334
9	P	1850	2	0.334
10	P	6377	7	0.430
11	P	2153	3	0.430
12	P	1897	2	0.430
13	P	5504	6	0.534
14	P	1555	2	0.534
15	P	1685	2	0.534
16	P	4379	5	0.627
17	P	2022	2	0.628
18	P	1907	2	0.628
19	P	21754	22	0.760
20	P	3713	4	0.760
21	P	3626	4	0.760
22	P	2071	3	0.760
23	P	7762	8	0.859
24	P	2000	2	0.859
25	P	1744	2	0.859
26	P	6688	7	3.103
27	P	1811	2	3.103
28	P	1934	2	3.103
29	P	4044	4	3.103
30	P	2358	4	3.103
31	I	36290	36	3.104
32	P	5673	6	3.104
33	P	1761	2	3.104
34	P	8432	9	3.104
35	P	1804	2	3.104
36	P	1904	2	3.104
37	P	9007	9	3.104
38	P	2516	3	3.105
39	P	2174	3	3.105
40	P	9539	10	3.105
41	P	2640	3	3.105
42	P	2245	3	3.105
43	P	8424	9	3.105
44	P	2083	3	3.105
45	P	2304	3	3.105
46	P	7724	8	3.106
47	P	2099	3	3.106
48	P	5987	6	3.106
49	P	1370	2	3.106
50	P	1223	2	3.106
51	P	5352	6	3.106
52	P	1514	2	3.106
53	P	1533	2	3.106
54	P	4990	5	3.106
55	P	1535	2	3.106
56	P	1461	2	6.143
57	P	4754	5	6.143
58	P	1349	2	6.143
59	P	1476	2	6.143
60	P	2850	4	6.143
61	I	27482	27	6.144
62	P	9809	10	6.144
63	P	1820	2	6.144
64	P	3419	4	6.144
65	P	13381	14	6.145
66	P	3027	3	6.145
67	P	19590	20	6.145
68	P	3286	4	6.146
69	P	3891	4	6.146
70	P	18651	19	6.146
71	P	3300	4	6.146
72	P	21107	21	9.179
73	P	2403	3	9.179
74	P	32384	32	9.179
75	P	9075	9	9.179
76	P	3858	4	9.179
77	P	6466	7	9.179
78	P	34474	34	9.181
79	P	7035	7	9.181
80	P	1673	2	9.181
81	P	47914	47	9.181
82	P	1618	2	9.181
83	P	14003	14	9.181
84	P	2616	3	9.181
85	P	1821	2	9.181
86	P	2120	3	9.181
87	P	12436	13	9.181
88	P	3379	4	9.181
89	P	1656	2	9.182
90	P	1798	3	9.182
91	I	94039	92	9.183
92	P	10145	10	9.183
93	P	2303	3	9.183
94	P	1440	2	9.183
95	P	2166	3	12.219
96	P	20031	20	12.219
97	P	5020	5	12.219
98	P	2064	3	12.219
99	P	2490	3	12.219
100	P	14138	14	12.220
101	P	2137	3	12.220
102	P	2091	3	12.220
103	P	1255	2	12.220
104	P	11510	12	12.220
105	P	2503	3	12.220
106	P	1398	2	12.220
107	P	1932	2	12.220
108	P	14135	14	12.220
109	P	4028	4	12.220
110	P	1610	2	12.220
111	P	1832	2	12.220
112	P	12730	13	12.221
113	P	2460	3	12.221
114	P	1857	2	12.221
115	P	1335	2	12.221
116	P	16588	17	12.221
117	P	3601	4	12.221
118	P	1984	2	12.221
119	P	2622	3	12.221
120	P	1882	3	12.221
121	I	92003	90	15.263
122	P	13578	14	15.263
123	P	3907	4	15.263
124	P	1734	2	15.263
125	P	1968	2	15.263
126	P	11448	12	15.264
127	P	2601	3	15.264
128	P	1911	2	15.264
129	P	1140	2	15.264
130	P	10600	11	15.264
131	P	2766	3	15.264
132	P	1468	2	15.264
133	P	2156	3	15.264
134	P	12059	12	15.264
135	P	4075	4	15.264
136	P	1831	2	15.264
137	P	1862	2	15.264
138	P	9083	9	15.265
139	P	2579	3	15.265
140	P	1797	2	15.265
141	P	1730	2	15.265
142	P	10989	11	18.302
143	P	3740	4	18.302
144	P	2348	3	18.302
145	P	2816	3	18.302
146	P	41749	41	18.303
147	P	4543	5	18.303
148	P	2214	3	18.303
149	P	2240	3	18.303
150	P	1619	3	18.303
151	I	88817	87	18.304
152	P	9179	9	18.304
153	P	3071	3	18.304
154	P	1695	2	18.304
155	P	1617	2	18.304
156	P	7163	7	18.305
157	P	2784	3	18.305
158	P	1839	2	21.342
159	P	1412	2	21.342
160	P	6540	7	21.343
161	P	3511	4	21.343
162	P	1699	2	21.343
163	P	2628	3	21.343
164	P	3545	4	21.343
165	P	1860	2	21.343
166	P	12040	12	21.343
167	P	37668	37	21.343
168	P	9383	10	21.343
169	P	3228	4	21.343
170	P	7568	8	21.343
171	P	44911	44	21.344
172	P	14626	15	21.344
173	P	2390	3	21.344
174	P	1231	2	21.344
175	P	29619	29	21.345
176	P	1234	2	21.345
177	P	1415	2	21.345
178	P	23230	23	24.379
179	P	839	1	24.379
180	P	11181	12	24.379
181	I	87613	86	27.419
182	P	12323	13	27.419
183	P	2543	3	27.419
184	P	2030	2	27.419
185	P	1607	2	27.419
186	P	12799	13	27.419
187	P	2515	3	27.419
188	P	1810	2	27.419
189	P	1998	2	27.420
190	P	11923	12	27.420
191	P	3166	4	27.420
192	P	1470	2	27.420
193	P	1760	2	27.421
194	P	11872	12	27.421
195	P	2233	3	27.421
196	P	1908	2	27.421
197	P	1209	2	27.421
198	P	15425	16	27.422
199	P	3373	4	27.422
200	P	2136	3	27.422
201	P	2652	3	27.422
202	P	21872	22	27.422
203	P	5302	6	27.422
204	P	1764	2	27.422
205	P	2103	3	27.422
206	P	13129	13	27.423
207	P	2496	3	27.423
208	P	1901	2	27.423
209	P	1435	2	27.423
210	P	1709	3	27.423
211	I	88000	86	30.459
212	P	10270	11	30.459
213	P	2273	3	30.459
214	P	1530	2	30.459
215	P	1557	2	30.459
216	P	13879	14	30.460
217	P	2948	3	30.460
218	P	1673	2	30.460
219	P	2384	3	30.460
220	P	17424	18	30.460
221	P	3983	4	30.460
222	P	1899	2	30.460
223	P	1816	2	30.460
224	P	13631	14	33.502
225	P	2661	3	33.502
226	P	2227	3	33.502
227	P	1376	2	33.502
228	P	13955	14	33.502
229	P	3014	3	33.502
230	P	1807	2	33.503
231	P	2331	3	33.503
232	P	12433	13	33.503
233	P	3738	4	33.503
234	P	1814	2	33.503
235	P	1343	2	33.503
236	P	10424	11	33.503
237	P	2837	3	33.503
238	P	1710	2	33.503
239	P	2263	3	33.504
240	P	1827	3	33.504
241	I	79187	78	33.506
242	P	3969	4	33.506
243	P	2449	3	33.506
244	P	1418	2	33.506
245	P	2099	3	36.539
246	P	2412	3	36.539
247	P	1779	3	36.539
248	I	74538	73	36.541
249	P	11852	12	36.541
250	P	3889	4	36.541
251	P	1828	2	36.541
252	P	4004	4	36.541
253	P	17289	17	36.541
254	P	8310	9	36.541
255	P	4267	5	36.541
256	P	5009	5	36.541
257	P	14411	15	36.544
258	P	7079	7	36.544
259	P	5584	6	36.544
260	P	4710	5	36.544
261	P	15914	16	36.544
262	P	5753	6	36.544
263	P	4032	4	36.545
264	P	2938	3	36.545
265	P	15518	16	36.545
266	P	6056	6	36.545
267	P	3636	4	36.545
268	P	4863	5	36.545
269	P	18779	19	36.546
270	P	7319	8	36.546
271	P	4688	5	36.546
272	P	3990	4	36.546
273	P	20075	20	36.546
274	P	4710	5	36.546
275	P	4072	4	36.546
276	P	2528	3	36.546
277	P	3244	5	36.546
278	I	86068	85	36.547
279	P	11874	12	39.582
280	P	5250	6	39.582
281	P	2195	3	39.582
282	P	2355	3	39.582
283	P	15868	16	39.582
284	P	5610	6	39.582
285	P	4792	5	39.582
286	P	3897	4	39.583
287	P	19369	19	39.583
288	P	6446	7	39.583
289	P	3791	4	39.583
290	P	5165	6	39.583
291	P	21535	22	39.584
292	P	6601	7	39.584
293	P	4567	5	39.584
294	P	4668	5	39.584
295	P	13416	14	39.584
296	P	4478	5	39.584
297	P	2703	3	39.584
298	P	2602	3	39.584
299	P	12593	13	39.584
300	P	3931	4	39.584
301	P	3152	4	39.584
302	P	2684	3	42.619
303	P	13505	14	42.619
304	P	4382	5	42.619
305	P	2942	3	42.619
306	P	3578	4	42.620
307	P	4715	6	42.620
308	I	92461	91	45.659
309	P	13790	14	45.659
310	P	4771	5	45.660
311	P	2447	3	45.660
312	P	2193	3	45.660
313	P	11730	12	45.660
314	P	3390	4	45.660
315	P	2560	3	45.661
316	P	3660	4	45.661
317	P	17555	18	45.661
318	P	6746	7	45.661
319	P	3391	4	45.661
320	P	3467	4	45.661
321	P	21030	21	48.699
322	P	3067	3	48.699
323	P	3710	4	48.699
324	P	2067	3	48.699
325	P	9621	10	48.699
326	P	3016	3	48.699
327	P	1231	2	48.699
328	P	1417	2	48.699
329	P	10581	11	48.699
330	P	3115	4	48.699
331	P	1984	2	48.699
332	P	2097	3	48.702
333	P	16600	17	48.702
334	P	5814	6	48.703
335	P	3232	4	48.703
336	P	5144	6	48.703
337	P	5741	7	48.703
338	I	90961	89	51.743
339	P	15873	16	51.744
340	P	6031	6	51.745
341	P	2800	3	51.745
342	P	3150	4	51.745
343	P	12891	13	51.745
344	P	4189	5	51.745
345	P	3037	3	51.745
346	P	2297	3	51.745
347	P	9866	10	51.745
348	P	4290	5	51.745
349	P	2381	3	51.745
350	P	2330	3	51.745
351	P	14829	15	51.746
352	P	4956	5	51.746
353	P	2295	3	51.746
354	P	2161	3	51.746
355	P	10470	11	51.746
356	P	2873	3	51.746
357	P	2508	3	51.746
358	P	1967	2	51.746
359	P	10522	11	54.782
360	P	3403	4	54.782
361	P	2184	3	54.782
362	P	2555	3	54.785
363	P	14581	15	54.786
364	P	6112	6	54.786
365	P	3213	4	54.786
366	P	3009	3	54.786
367	P	5092	6	54.786
368	I	89435	88	54.788
369	P	14941	15	54.788
370	P	3966	4	54.788
371	P	4303	5	57.819
372	P	1846	2	57.819
373	P	7117	7	57.819
374	P	2662	3	57.819
375	P	1482	2	57.819
376	P	2015	2	57.819
377	P	11934	12	57.822
378	P	6064	6	57.822
379	P	3015	3	57.822
380	P	4361	5	57.822
381	P	10289	11	57.823
382	P	4962	5	57.823
383	P	3957	4	57.823
384	P	3297	4	57.823
385	P	44515	44	57.823
386	P	4476	5	57.823
387	P	3929	4	60.859
388	P	2640	3	60.859
389	P	10088	10	60.859
390	P	2692	3	60.859
391	P	2966	3	60.859
392	P	15054	15	60.863
393	P	5548	6	60.863
394	P	2269	3	60.863
395	P	2429	3	60.863
396	P	5232	6	60.863
397	P	2595	4	60.863
398	I	95664	94	60.865
399	P	15835	16	63.902
400	P	4629	5	63.902
401	P	3251	4	63.903
402	P	21461	21	63.903
403	P	3260	4	63.903
404	P	3619	4	63.903
405	P	1545	2	63.903
406	P	8927	9	63.903
407	P	1734	2	63.903
408	P	758	1	63.903
409	P	843	1	63.903
410	P	7992	8	63.904
411	P	1478	2	63.904
412	P	1064	2	63.904
413	P	543	1	63.904
414	P	3303	4	63.904
415	P	464	1	63.904
416	P	2123	3	63.904
417	P	332	1	63.904
418	P	1562	2	63.904
419	P	470	1	63.904
420	P	346	1	63.904
421	P	313	1	63.904
422	P	4821	5	66.939
423	P	478	1	66.939
424	P	253	1	66.939
425	P	1493	2	66.939
426	P	8381	9	66.939
427	P	3433	5	66.939
428	I	100917	99	66.943
429	P	7753	8	69.979
430	P	3171	4	69.979
431	P	3301	4	69.979
432	P	8322	9	69.979
433	P	3332	4	69.979
434	P	2836	3	69.979
435	P	5701	6	69.979
436	P	4727	5	69.979
437	P	706	1	69.979
438	P	1788	2	69.979
439	P	6074	6	69.979
440	P	3280	4	69.979
441	P	10599	11	69.980
442	P	2297	3	69.980
443	P	10800	11	69.980
444	P	3537	4	69.980
445	P	2385	3	69.980
446	P	10931	11	69.980
447	P	2334	3	69.980
448	P	6708	7	69.980
449	P	2128	3	69.980
450	P	899	1	69.980
451	P	604	1	69.980
452	P	3048	3	69.982
453	P	1252	2	69.982
454	P	563	1	69.982
455	P	551	1	69.982
456	P	2478	3	69.982
457	P	1399	3	69.982
458	I	93433	92	73.023
459	P	6385	7	73.023
460	P	2494	3	73.024
461	P	1300	2	73.024
462	P	1152	2	73.024
463	P	1871	2	73.024
464	P	455	1	73.024
465	P	1340	2	73.024
466	P	341	1	73.024
467	P	466	1	73.024
468	P	1550	3	73.024
469	I	79975	79	73.026
470	P	7465	8	73.026
471	P	1682	2	73.026
472	P	12278	12	76.059
473	P	3510	4	76.059
474	P	2423	3	76.059
475	P	1956	2	76.059
476	P	6750	7	76.059
477	P	2099	3	76.059
478	P	931	1	76.059
479	P	4540	5	76.059
480	P	868	1	76.059
481	P	8114	8	76.059
482	P	3191	4	76.059
483	P	2121	3	76.059
484	P	2099	3	76.059
485	P	6243	7	76.059
486	P	1476	2	76.059
487	P	1913	2	76.059
488	P	932	1	76.060
489	P	6462	7	76.060
490	P	1627	2	76.060
491	P	1827	2	76.060
492	P	7606	8	76.060
493	P	2024	2	76.060
494	P	8829	9	76.060
495	P	2557	3	76.060
496	P	3181	4	76.060
497	P	9561	10	76.063
498	P	3338	5	76.063
499	I	74431	73	76.064
500	P	10809	11	76.064
501	P	5113	5	76.064
502	P	978	1	76.064
503	P	5756	6	76.064
504	P	1163	2	76.064
505	P	3931	4	79.102
506	P	938	1	79.102
507	P	3981	4	79.102
508	P	1600	2	79.102
509	P	803	1	79.102
510	P	668	1	79.102
511	P	1546	2	79.103
512	P	583	1	79.103
513	P	1094	2	79.103
514	P	571	1	79.103
515	P	19881	20	79.103
516	P	12037	12	79.103
517	P	4395	5	79.103
518	P	5400	6	79.103
519	P	10966	11	79.103
520	P	15058	15	79.103
521	P	5419	6	79.103
522	P	15011	15	82.143
523	P	6882	7	82.143
524	P	11603	12	82.143
525	P	15098	15	82.143
526	P	5707	6	82.144
527	P	11927	12	82.147
528	P	3260	5	82.147
529	I	30649	30	82.147
530	P	8210	9	82.147
531	P	51320	51	82.148
532	P	6587	7	82.148
533	P	2842	3	82.148
534	P	9166	9	85.179
535	P	2892	3	85.179
536	P	10901	11	85.179
537	P	2728	3	85.179
538	P	14140	14	85.179
539	P	3207	4	85.179
540	P	2197	3	85.179
541	P	14044	14	85.179
542	P	2614	3	85.179
543	P	1524	2	85.179
544	P	20583	21	85.180
545	P	3254	4	85.180
546	P	2523	3	85.180
547	P	2282	3	85.180
548	P	13424	14	88.223
549	P	2300	3	88.223
550	P	1271	2	88.223
551	P	1067	2	88.223
552	P	3666	4	88.223
553	P	494	1	88.223
554	P	440	1	88.223
555	P	312	1	88.223
556	P	175	1	88.223
557	P	156	1	91.259
558	P	123	2	91.259
559	I	73701	72	91.264
560	P	542	1	91.264
561	P	257	1	91.264
562	P	170	1	91.264
563	P	67	1	91.264
564	P	111	1	91.264
565	P	160	1	91.264
566	P	66	1	91.264
567	P	65	1	91.264
568	P	68	1	91.264
569	P	155	2	91.264
570	I	76899	76	94.302
571	P	10863	11	94.302
572	P	4431	5	94.302
573	P	10028	10	94.303
574	P	15412	16	94.303
575	P	2807	3	94.303
576	P	6706	7	94.303
577	P	9896	10	94.303
578	P	1594	2	94.303
579	P	8115	8	97.340
580	P	1437	2	97.340
581	P	6066	6	97.340
582	P	1368	2	97.340
583	P	4781	5	97.340
584	P	951	1	97.340
585	P	3701	4	97.340
586	P	786	1	97.340
587	P	2416	3	97.340
588	P	542	1	97.340
589	P	1775	2	97.340
590	P	667	1	97.340
591	P	448	1	97.340
592	P	322	1	97.340
593	P	6858	7	97.340
594	P	1730	2	97.340
595	P	1450	2	97.340
596	P	5703	6	97.340
597	P	1347	2	97.340
598	P	4057	4	97.340
599	P	1733	3	97.341
600	I	92550	91	97.342
601	P	7523	8	97.342
602	P	1580	2	100.379
603	P	1497	2	100.379
604	P	4870	5	100.379
605	P	969	1	100.379
606	P	3463	4	100.379
607	P	960	1	100.379
608	P	3027	3	100.379
609	P	849	1	100.379
610	P	2264	3	100.379
611	P	956	1	100.379
612	P	473	1	100.379
613	P	230	2	100.379
614	I	101630	100	100.383
615	P	11294	12	103.419
616	P	4215	5	103.419
617	P	2155	3	103.419
618	P	2313	3	103.419
619	P	9426	10	103.419
620	P	3388	4	103.420
621	P	2355	3	103.420
622	P	2078	3	103.420
623	P	8061	8	103.420
624	P	2150	3	103.420
625	P	1004	1	103.420
626	P	4361	5	103.420
627	P	654	1	103.420
628	P	637	1	103.420
629	P	4858	5	103.420
630	P	752	1	103.420
631	P	310	1	103.420
632	P	277	1	103.420
633	P	1422	2	103.420
634	P	174	1	103.420
635	P	810	1	103.420
636	P	246	1	103.420
637	P	122	1	103.420
638	P	64	1	103.420
639	P	351	1	103.420
640	P	166	1	103.420
641	P	77	1	103.420
642	P	73	1	103.420
643	P	1949	3	103.420
644	I	112535	110	106.459
645	P	591	1	106.459
646	P	252	1	106.459
647	P	162	1	106.459
648	P	201	1	106.459
649	P	372	1	106.459
650	P	241	1	106.459
651	P	140	1	106.459
652	P	150	1	106.459
653	P	184	1	106.459
654	P	198	1	106.459
655	P	118	1	106.459
656	P	117	1	106.459
657	P	1720	2	106.459
658	P	3886	4	106.459
659	P	2213	3	106.459
660	P	2809	3	106.459
661	P	7562	8	106.459
662	P	4030	4	106.459
663	P	2647	3	106.459
664	P	3162	4	106.460
665	P	6097	6	106.460
666	P	2617	3	106.460
667	P	4212	6	106.460
668	I	59432	59	106.460
669	P	16613	17	106.460
670	P	4839	5	106.460
671	P	5714	6	106.461
672	P	14902	15	106.461
673	P	5432	6	106.461
674	P	20463	20	109.499
675	P	4368	5	109.499
676	P	16269	16	109.499
677	P	2744	3	109.499
678	P	17074	17	109.499
679	P	2143	3	109.499
680	P	833	1	109.499
681	P	7561	8	109.499
682	P	1934	2	109.500
683	P	792	1	109.500
684	P	771	1	109.500
685	P	5362	6	109.500
686	P	455	1	109.500
687	P	4950	5	109.500
688	P	841	1	109.500
689	P	432	1	109.500
690	P	574	1	109.500
691	P	3737	4	109.500
692	P	1014	1	112.539
693	P	431	1	112.539
694	P	497	1	112.539
695	P	647	1	112.539
696	P	423	1	112.539
697	P	316	2	112.539
698	I	101161	99	115.579
699	P	1834	2	115.579
700	P	845	1	115.579
701	P	428	1	115.579
702	P	543	1	115.579
703	P	5787	6	115.579
704	P	1875	2	115.579
705	P	1656	2	115.579
706	P	6500	7	115.579
707	P	1676	2	115.579
708	P	1446	2	115.579
709	P	7262	8	115.579
710	P	1238	2	115.579
711	P	7674	8	115.579
712	P	1139	2	115.579
713	P	5679	6	115.579
714	P	687	1	115.579
715	P	4406	5	115.579
716	P	485	1	115.579
717	P	3647	4	115.579
718	P	427	1	115.579
719	P	3762	4	115.580
720	P	702	1	115.580
721	P	482	1	115.580
722	P	483	1	115.580
723	P	2656	3	115.580
724	P	716	1	115.580
725	P	321	1	115.580
726	P	269	1	115.580
727	P	214	2	115.580
728	I	102107	100	115.581
729	P	3563	4	118.619
730	P	843	1	118.619
731	P	981	1	118.619
732	P	3780	4	118.619
733	P	765	1	118.619
734	P	4215	5	118.619
735	P	736	1	118.619
736	P	4151	5	118.619
737	P	620	1	118.619
738	P	5307	6	118.619
739	P	780	1	118.619
740	P	582	1	118.619
741	P	3293	4	118.619
742	P	487	1	118.619
743	P	341	1	118.619
744	P	2824	3	118.619
745	P	400	1	118.619
746	P	398	1	118.619
747	P	3798	4	118.619
748	P	502	1	118.619
749	P	660	1	118.619
750	P	3868	4	118.619
751	P	534	1	118.619
752	P	3764	4	118.620
753	P	363	1	118.620
754	P	2952	3	118.620
755	P	352	1	118.620
756	P	376	1	118.620
757	P	548	2	118.620
758	I	98286	96	121.659
759	P	3235	4	121.659
760	P	638	1	121.659
761	P	3479	4	121.659
762	P	661	1	121.659
763	P	4348	5	121.660
764	P	974	1	121.660
765	P	973	1	121.660
766	P	3365	4	121.660
767	P	1057	2	121.660
768	P	2971	3	121.660
769	P	1141	2	121.660
770	P	867	1	121.660
771	P	48085	47	121.661
772	P	1073	2	121.661
773	P	700	1	121.661
774	P	400	1	121.661
775	P	4012	4	121.661
776	P	811	1	121.661
777	P	375	1	121.661
778	P	316	1	121.661
779	P	1398	2	121.661
780	P	307	1	121.661
781	P	260	1	121.661
782	P	516	1	124.702
783	P	279	1	124.702
784	P	218	1	124.702
785	P	201	1	124.702
786	P	215	1	124.702
787	P	255	2	124.702
788	I	76748	75	124.703
789	P	6875	7	124.703
790	P	2570	3	124.703
791	P	3261	4	124.703
792	P	7515	8	127.739
793	P	9582	10	127.739
794	P	6282	8	127.739
795	I	79100	78	127.741
796	P	14334	14	127.741
797	P	3318	4	127.741
798	P	12781	13	127.741
799	P	2973	3	127.741
800	P	11896	12	130.782
801	P	1836	2	130.782
802	P	13606	14	130.783
803	P	1467	2	130.783
804	P	1466	2	130.783
805	P	6391	7	130.783
806	P	725	1	130.783
807	P	533	1	130.783
808	P	3644	4	130.783
809	P	451	1	130.783
810	P	3233	4	130.783
811	P	318	1	130.783
812	P	2624	3	130.783
813	P	503	1	130.783
814	P	311	1	130.783
815	P	346	1	130.783
816	P	1567	2	130.783
817	P	225	1	130.783
818	P	969	1	130.783
819	P	234	1	130.783
820	P	221	1	130.783
821	P	659	1	130.783
822	P	173	1	130.783
823	P	182	1	130.783
824	P	193	2	130.783
825	I	101809	100	133.823
826	P	3818	4	133.823
827	P	242	1	133.823
828	P	108	1	133.824
829	P	801	1	133.824
830	P	9189	9	133.824
831	P	3008	3	133.824
832	P	4006	4	133.824
833	P	13451	14	133.824
834	P	5102	5	133.824
835	P	3213	4	133.825
836	P	12069	12	133.825
837	P	1622	2	133.825
838	P	4011	4	133.825
839	P	606	1	133.825
840	P	1830	2	133.825
841	P	745	1	133.825
842	P	277	1	133.828
843	P	6523	7	133.828
844	P	1980	2	133.828
845	P	945	1	133.828
846	P	2338	3	133.828
847	P	9460	10	133.828
848	P	3800	4	133.829
849	P	10327	11	133.829
850	P	20312	20	136.860
851	P	1143	2	136.860
852	P	2740	3	136.860
853	P	550	1	136.860
854	P	655	2	136.860
855	I	109766	108	136.861
856	P	1515	2	136.861
857	P	560	1	136.861
858	P	241	1	136.861
859	P	288	1	136.861
860	P	2166	3	136.861
861	P	608	1	136.862
862	P	5399	6	136.862
863	P	1284	2	136.862
864	P	7054	7	136.862
865	P	1541	2	136.862
866	P	7728	8	139.903
867	P	1493	2	139.903
868	P	1112	2	139.903
869	P	4864	5	139.903
870	P	1174	2	139.903
871	P	1073	2	139.903
872	P	4231	5	139.904
873	P	853	1	139.904
874	P	4202	5	139.904
875	P	842	1	139.904
876	P	3523	4	139.904
877	P	1014	1	139.904
878	P	2512	3	139.904
879	P	540	1	139.904
880	P	1358	2	139.904
881	P	407	1	139.904
882	P	5883	6	142.939
883	P	1061	2	142.939
884	P	1898	3	142.939
885	I	90155	89	142.940
886	P	15283	15	142.941
887	P	7468	8	142.941
888	P	2922	3	142.941
889	P	2327	3	142.941
890	P	7916	8	142.941
891	P	9515	10	145.982
892	P	849	1	145.982
893	P	5550	6	145.982
894	P	889	1	145.982
895	P	3158	4	145.982
896	P	406	1	145.982
897	P	1954	2	145.982
898	P	650	1	145.982
899	P	606	1	145.982
900	P	309	1	145.982
901	P	247	1	145.983
902	P	247	1	145.983
903	P	172	2	145.983
904	I	77252	76	145.984
905	P	3876	4	145.984
906	P	2244	3	145.984
907	P	5553	6	145.984
908	P	3455	4	145.984
909	P	3283	4	145.984
910	P	5537	6	145.984
911	P	4373	5	145.984
912	P	4634	5	145.984
913	P	3748	4	145.984
914	P	3979	4	145.984
915	P	4402	5	145.985
916	P	7894	8	145.985
917	P	6282	7	149.019
918	P	5264	6	149.019
919	P	5098	5	149.019
920	P	7591	8	149.019
921	P	5319	6	149.019
922	P	10385	11	149.019
923	P	12088	12	149.019
924	P	2182	3	149.019
925	P	8475	9	149.020
926	P	2675	3	149.020
927	P	5957	6	149.020
928	P	13459	14	149.020
929	P	5180	6	149.020
930	P	4162	5	152.062
931	P	8109	8	152.062
932	P	3570	4	152.065
933	P	6156	7	152.066
934	I	58367	57	152.066
935	P	13044	13	152.066
936	P	5059	5	152.066
937	P	3911	4	152.066
938	P	7404	8	152.066
939	P	3109	4	152.067
940	P	4672	5	152.067
941	P	2389	3	152.067
942	P	6018	6	152.067
943	P	2522	3	152.067
944	P	1669	2	152.067
945	P	1551	3	152.067
946	I	66376	65	152.068
947	P	5794	6	155.099
948	P	2185	3	155.099
949	P	1909	2	155.099
950	P	7084	7	155.099
951	P	1864	2	155.099
952	P	7550	8	155.099
953	P	2387	3	155.099
954	P	7989	8	155.099
955	P	1808	2	155.100
956	P	1279	2	155.100
957	P	5766	6	155.100
958	P	2473	3	155.100
959	P	1426	2	155.100
960	P	1342	2	155.100
961	P	4868	5	155.100
962	P	2499	3	155.100
963	P	1579	2	155.100
964	P	4251	5	155.100
965	P	1688	2	155.100
966	P	4667	5	155.100
967	P	1634	2	155.100
968	P	2829	3	155.100
969	P	982	1	155.100
970	P	1938	3	158.140
971	I	78075	77	158.141
972	P	18633	19	158.141
973	P	6458	7	158.141
974	P	4212	5	158.141
975	P	2318	3	158.141
976	P	14771	15	158.142
977	P	1735	2	158.142
978	P	7819	8	158.142
979	P	945	1	158.142
980	P	1061	2	158.142
981	P	8725	9	158.142
982	P	1455	2	158.142
983	P	462	1	158.142
984	P	413	1	158.142
985	P	2828	3	158.142
986	P	807	1	161.182
987	P	350	1	161.182
988	P	261	1	161.182
989	P	1886	2	161.183
990	P	607	1	161.183
991	P	401	1	161.183
992	P	409	1	161.183
993	P	1150	2	161.183
994	P	491	1	161.183
995	P	339	1	161.183
996	P	290	1	161.183
997	P	1238	2	161.183
998	P	416	1	161.183
999	P	308	1	161.183
1000	P	2024	3	161.183
1001	I	84299	83	164.219
1002	P	5763	6	164.219
1003	P	10870	11	164.219
1004	P	3450	4	164.219
1005	P	3592	4	164.219
1006	P	10699	11	164.220
1007	P	3220	4	164.220
1008	P	15304	15	164.220
1009	P	2973	3	164.220
1010	P	10970	11	164.220
1011	P	1345	2	164.220
1012	P	6734	7	164.220
1013	P	922	1	164.220
1014	P	769	1	164.220
1015	P	5545	6	164.221
1016	P	549	1	164.221
1017	P	4711	5	164.221
1018	P	386	1	164.221
1019	P	3743	4	164.221
1020	P	405	1	164.221
1021	P	529	1	164.221
1022	P	2989	3	167.259
1023	P	516	1	167.259
1024	P	2652	3	167.260
1025	P	287	1	167.260
1026	P	1638	2	167.260
1027	P	266	1	167.260
1028	P	180	1	167.260
1029	P	317	1	167.260
1030	P	207	2	167.260
1031	I	100975	99	167.262
1032	P	725	1	167.262
1033	P	317	1	167.262
1034	P	124	1	167.262
1035	P	115	1	167.262
1036	P	1895	2	167.262
1037	P	384	1	170.302
1038	P	572	1	170.302
1039	P	1947	2	170.302
1040	P	841	1	170.302
1041	P	37366	37	170.303
1042	P	2780	3	170.303
1043	P	1323	2	170.303
1044	P	893	1	170.303
1045	P	6177	7	170.303
1046	P	1142	2	170.303
1047	P	1188	2	170.303
1048	P	5613	6	170.303
1049	P	1103	2	170.303
1050	P	5340	6	170.303
1051	P	1017	1	170.303
1052	P	5956	6	170.304
1053	P	944	1	170.304
1054	P	7300	8	170.304
1055	P	657	1	170.304
1056	P	4019	4	170.304
1057	P	323	1	170.304
1058	P	2502	3	170.304
1059	P	387	1	170.304
1060	P	415	2	170.304
1061	I	99475	98	173.341
1062	P	3352	4	173.341
1063	P	1802	2	173.341
1064	P	381	1	173.341
1065	P	2166	3	173.341
1066	P	365	1	173.341
1067	P	2928	3	173.341
1068	P	529	1	173.341
1069	P	3703	4	173.341
1070	P	946	1	173.341
1071	P	4708	5	173.341
1072	P	1236	2	173.341
1073	P	895	1	173.341
1074	P	4636	5	173.341
1075	P	1064	2	173.341
1076	P	544	1	176.382
1077	P	4835	5	176.382
1078	P	1413	2	176.383
1079	P	615	1	176.383
1080	P	576	1	176.383
1081	P	2309	3	176.383
1082	P	553	1	176.383
1083	P	270	1	176.383
1084	P	931	1	176.383
1085	P	249	1	176.383
1086	P	730	1	176.383
1087	P	275	1	176.383
1088	P	352	1	176.383
1089	P	137	2	176.383
1090	I	89268	88	176.384
1091	P	2463	3	176.384
1092	P	988	1	176.384
1093	P	3518	4	176.384
1094	P	1309	2	176.385
1095	P	4301	5	176.385
1096	P	840	1	176.385
1097	P	4850	5	176.385
1098	P	1292	2	176.385
1099	P	4016	4	179.419
1100	P	1113	2	179.419
1101	P	3674	4	179.419
1102	P	1008	1	179.419
1103	P	2581	3	179.419
1104	P	796	1	179.419
1105	P	1371	2	179.419
1106	P	722	1	179.419
1107	P	640	2	179.419
1108	I	73429	72	179.420
1109	P	6594	7	179.420
1110	P	2419	3	179.421
1111	P	9797	10	179.421
1112	P	2775	3	179.421
1113	P	1689	2	182.459
1114	P	13153	13	182.459
1115	P	1722	2	182.459
1116	P	1360	2	182.459
1117	P	9895	10	182.459
1118	P	1148	2	182.459
1119	P	618	1	182.459
1120	P	2463	3	182.459
1121	P	285	1	182.459
1122	P	1976	2	182.459
1123	P	3739	4	182.459
1124	P	2185	3	182.459
1125	P	5267	6	182.459
1126	P	2653	3	182.459
1127	P	9835	10	182.459
1128	P	6387	7	182.459
1129	P	2670	3	182.460
1130	P	3143	4	182.460
1131	P	11103	11	182.460
1132	P	5510	6	182.460
1133	P	3457	4	185.499
1134	P	4037	4	185.499
1135	P	4774	5	185.499
1136	P	3343	4	185.499
1137	P	1935	3	185.499
1138	I	79914	79	185.500
1139	P	11179	11	188.539
1140	P	2776	3	188.539
1141	P	13262	13	188.540
1142	P	4053	4	188.540
1143	P	2697	3	188.540
1144	P	2076	3	188.540
1145	P	3980	4	188.540
1146	P	1249	2	188.540
1147	P	534	1	188.540
1148	P	6644	7	188.540
1149	P	1805	2	188.540
1150	P	1064	2	188.540
1151	P	2374	3	188.540
1152	P	6747	7	188.541
1153	P	4825	5	188.541
1154	P	3350	4	188.541
1155	P	3267	4	188.541
1156	P	8169	8	188.541
1157	P	3823	4	188.541
1158	P	3186	4	188.541
1159	P	2474	3	188.542
1160	P	4375	5	188.542
1161	P	1678	3	188.542
1162	I	79757	78	191.579
1163	P	3996	4	191.579
1164	P	931	1	191.579
1165	P	1194	2	191.579
1166	P	3747	4	191.580
1167	P	861	1	191.580
1168	P	5015	5	191.580
1169	P	1309	2	191.580
1170	P	1147	2	191.580
1171	P	7539	8	191.580
1172	P	2813	3	191.580
1173	P	793	1	191.580
1174	P	973	1	191.580
1175	P	4206	5	191.580
1176	P	1431	2	191.580
1177	P	683	1	191.580
1178	P	2691	3	191.580
1179	P	750	1	191.580
1180	P	615	1	191.580
1181	P	627	1	191.580
1182	P	406	1	191.580
1183	P	91	2	191.580
1184	I	47402	47	194.619
1185	P	11568	12	194.619
1186	P	7103	7	194.620
1187	P	11775	12	194.620
1188	P	8606	9	194.620
1189	P	15493	16	194.620
1190	P	17193	17	194.621
1191	P	2380	3	194.621
1192	P	11779	12	194.622
1193	P	1659	2	194.622
1194	P	4810	5	194.622
1195	P	1643	2	194.622
1196	P	1539	2	194.622
1197	P	8495	9	194.623
1198	P	1580	2	194.623
1199	P	3941	4	194.623
1200	P	11257	11	194.624
1201	P	13167	13	194.624
1202	P	13766	14	197.662
1203	P	3615	4	197.662
1204	P	4279	6	197.662
1205	I	58082	57	197.663
1206	P	6215	7	197.663
1207	P	2155	3	197.663
1208	P	9525	10	197.663
1209	P	2495	3	197.663
1210	P	9047	9	197.664
1211	P	2158	3	197.664
1212	P	7785	8	197.664
1213	P	1886	2	197.664
1214	P	8822	9	197.664
1215	P	1930	2	197.664
1216	P	7993	8	197.664
1217	P	1662	2	197.664
1218	P	8253	9	197.664
1219	P	1274	2	197.664
1220	P	934	1	197.664
1221	P	7026	7	197.665
1222	P	1407	2	197.665
1223	P	1658	2	197.665
1224	P	6440	7	197.665
1225	P	1254	2	197.665
1226	P	5503	6	197.665
1227	P	1153	2	197.665
1228	P	4244	5	197.665
1229	P	1182	2	197.665
1230	P	1239	2	197.665
1231	P	4381	5	197.665
1232	P	1227	2	197.665
1233	P	1334	2	197.665
1234	P	2097	4	197.665
1235	I	62097	61	200.699
1236	P	7011	7	200.699
1237	P	1260	2	200.699
1238	P	2720	3	200.699
1239	P	10418	11	200.700
1240	P	5476	6	200.700
1241	P	5146	6	200.700
1242	P	11627	12	200.700
1243	P	5002	5	200.700
1244	P	13479	14	200.700
1245	P	2259	3	200.700
1246	P	3484	4	203.739
1247	P	1172	2	203.739
1248	P	935	2	203.739
1249	I	26768	27	203.740
1250	P	5434	6	203.740
1251	P	7780	8	203.740
1252	P	7850	8	203.740
1253	P	13740	14	203.740
1254	P	6637	7	203.741
1255	P	9210	9	203.741
1256	P	11698	12	203.741
1257	P	25916	26	203.742
1258	P	19629	20	203.743
1259	P	1147	2	203.743
1260	P	20728	21	203.743
1261	P	1092	2	203.744
1262	P	2804	3	203.744
1263	P	372	1	203.744
1264	P	406	1	203.744
1265	P	192	1	203.744
1266	P	95	1	203.744
1267	P	89	1	203.744
1268	P	93	1	203.744
1269	P	135	1	203.744
1270	P	67	1	203.744
1271	P	76	1	203.744
1272	P	5754	6	203.744
1273	P	10653	11	203.744
1274	P	10231	10	206.782
1275	P	10418	11	206.782
1276	P	11390	12	206.782
1277	P	11276	12	206.782
1278	I	37581	37	206.783
1279	P	15779	16	206.783
1280	P	858	1	206.783
1281	P	4068	4	206.783
1282	P	704	1	206.783
1283	P	5180	6	209.819
1284	P	776	1	209.820
1285	P	4480	5	209.820
1286	P	644	1	209.820
1287	P	3604	4	209.820
1288	P	686	1	209.820
1289	P	5015	5	209.821
1290	P	987	1	209.821
1291	P	449	1	209.821
1292	P	3125	4	209.821
1293	P	902	1	209.821
1294	P	376	1	209.821
1295	P	306	1	209.821
1296	P	1749	2	209.821
1297	P	700	1	209.821
1298	P	300	1	209.821
1299	P	309	1	209.821
1300	P	1674	2	209.821
1301	P	831	1	209.821
1302	P	388	1	209.821
1303	P	423	1	209.821
1304	P	3831	4	209.821
1305	P	1439	2	209.821
1306	P	844	1	209.821
1307	P	1167	3	209.821
1308	I	58185	57	209.821
1309	P	3516	4	209.821
1310	P	1531	2	209.821
1311	P	1493	2	209.821
1312	P	4786	5	209.822
1313	P	1552	2	209.822
1314	P	8333	9	209.822
1315	P	1746	2	209.822
1316	P	1162	2	209.822
1317	P	513	1	209.822
1318	P	2236	3	209.822
1319	P	1313	2	209.822
1320	P	675	1	209.822
1321	P	605	1	209.822
1322	P	3924	4	209.822
1323	P	2521	3	209.822
1324	P	1014	1	209.822
1325	P	1702	2	209.822
1326	P	4215	5	209.822
1327	P	1553	2	209.822
1328	P	5235	6	209.822
1329	P	853	1	209.822
1330	P	5120	5	209.822
1331	P	1124	2	209.822
1332	P	808	1	209.822
1333	P	532	1	209.822
1334	P	1932	2	209.823
1335	P	809	1	209.823
1336	P	331	1	209.823
1337	P	623	2	209.823
1338	I	58923	58	212.863
1339	P	3317	4	212.863
1340	P	1080	2	212.863
1341	P	980	1	212.863
1342	P	5018	5	212.863
1343	P	979	1	212.863
1344	P	2389	3	212.863
1345	P	576	1	212.863
1346	P	1735	2	212.863
1347	P	488	1	212.863
1348	P	1680	2	212.863
1349	P	814	1	212.863
1350	P	295	1	212.863
1351	P	399	1	212.863
1352	P	4481	5	212.863
1353	P	2130	3	212.863
1354	P	925	1	212.863
1355	P	1659	2	212.863
1356	P	4517	5	212.863
1357	P	1595	2	212.863
1358	P	1047	2	212.864
1359	P	1382	2	212.864
1360	P	658	1	215.899
1361	P	677	2	215.899
1362	I	67898	67	215.900
1363	P	4767	5	215.900
1364	P	1608	2	215.900
1365	P	834	1	215.900
1366	P	795	1	215.900
1367	P	4719	5	215.900
1368	P	789	1	215.900
1369	P	5572	6	215.900
1370	P	1255	2	215.900
1371	P	7457	8	218.939
1372	P	1581	2	218.939
1373	P	1021	1	218.939
1374	P	2657	3	218.939
1375	P	644	1	218.939
1376	P	4720	5	218.939
1377	P	962	1	218.939
1378	P	7552	8	218.939
1379	P	1454	2	218.939
1380	P	1505	2	218.939
1381	P	5396	6	218.940
1382	P	1381	2	218.940
1383	P	4380	5	218.940
1384	P	783	1	218.940
1385	P	4472	5	218.940
1386	P	1179	2	218.940
1387	P	4328	5	218.940
1388	P	669	1	218.940
1389	P	4157	5	218.940
1390	P	789	1	218.940
1391	P	1950	3	218.940
1392	I	62975	62	218.941
1393	P	6127	6	218.941
1394	P	2103	3	218.941
1395	P	1559	2	218.941
1396	P	1129	2	218.941
1397	P	5083	5	218.941
1398	P	811	1	218.941
1399	P	4914	5	221.979
1400	P	620	1	221.979
1401	P	474	1	221.979
1402	P	2849	3	221.979
1403	P	553	1	221.979
1404	P	563	1	221.979
1405	P	2592	3	221.979
1406	P	493	1	221.979
1407	P	1713	2	221.979
1408	P	687	1	221.979
1409	P	547	1	221.979
1410	P	286	1	221.979
1411	P	29523	29	221.980
1412	P	736	1	221.980
1413	P	282	1	221.980
1414	P	2522	3	221.980
1415	P	781	1	221.980
1416	P	398	1	221.980
1417	P	330	1	221.980
1418	P	889	1	221.980
1419	P	405	1	221.980
1420	P	242	1	221.980
1421	P	1526	3	221.980
1422	I	43051	43	221.980
1423	P	12453	13	221.980
1424	P	4725	5	221.980
1425	P	2007	2	221.980
1426	P	17896	18	221.981
1427	P	2873	3	221.981
1428	P	3774	4	221.981
1429	P	1111	2	221.981
1430	P	952	1	221.981
1431	P	988	1	221.981
1432	P	770	1	221.981
1433	P	647	2	221.981
1434	I	20827	21	225.022
1435	P	5301	6	225.022
1436	P	5959	6	225.022
1437	P	5944	6	225.023
1438	P	6633	7	225.023
1439	P	8295	9	225.023
1440	P	15805	16	225.023
1441	P	2213	3	225.023
1442	P	6791	7	225.023
1443	P	463	1	225.023
1444	P	241	1	225.023
1445	P	518	1	225.023
1446	P	343	1	225.023
1447	P	166	1	225.023
1448	P	115	1	225.023
1449	P	125	2	225.023
1450	I	55831	55	225.024
1451	P	14674	15	225.024
1452	P	3472	4	225.024
1453	P	2431	3	225.024
1454	P	7880	8	225.025
1455	P	1506	2	225.025
1456	P	706	1	225.025
1457	P	1593	2	228.059
1458	P	712	1	228.059
1459	P	719	1	228.059
1460	P	398	1	228.059
1461	P	5923	6	228.059
1462	P	1672	2	228.059
1463	P	9624	10	228.059
1464	P	4291	5	228.059
1465	P	4191	5	228.059
1466	P	10094	10	228.059
1467	P	2020	2	228.059
1468	P	4459	5	228.059
1469	P	1081	2	228.059
1470	P	2844	3	228.059
1471	P	577	1	228.059
1472	P	629	1	228.059
1473	P	276	1	228.059
1474	P	5514	6	228.059
1475	P	1598	2	228.059
1476	P	408	1	228.059
1477	P	2650	3	228.059
1478	P	6325	7	228.060
1479	P	9736	11	228.060
1480	I	61782	61	231.099
1481	P	5671	6	231.099
1482	P	1753	2	231.099
1483	P	432	1	231.099
1484	P	915	1	231.099
1485	P	345	1	231.099
1486	P	10802	11	231.099
1487	P	375	1	231.099
1488	P	11284	12	231.099
1489	P	10777	11	231.099
1490	P	11485	12	231.101
1491	P	12963	13	231.101
1492	P	13776	14	231.102
1493	P	14726	15	231.102
1494	P	16416	17	231.102
1495	P	28197	29	234.139
1496	I	103656	102	234.141
1497	P	1149	2	234.141
1498	P	322	1	234.141
1499	P	763	1	234.141
1500	P	539	1	234.141
