562 3252.95194859125 -5110.36469059375 p
762 3266.5726901000003 -2534.871785388 e
763 3328.6958589700002 -3015.50266283 p
769 3505.0364290159996 -3225.60029779 p
11617 3848.93110366 -5022.3512578 e
1188 3762.2558359266664 -3554.3222862999996 p
1192 3750.4118305466673 -2805.4794551066666 p
11922 3351.970441993333 -3843.89966696 p
11928 3350.6417810000003 -5053.98644045 e
2059 3643.4482133375004 -3126.93338884 p
2963 3526.5547612888895 -4601.516416904444 p
2964 3572.616796695556 -3878.87649903 p
2971 3569.244543315 -3904.141083901666 p
2972 3609.732016565714 -3715.038433924285 p
2988 2652.1000399231248 -835.564976125 p
3014 2440.2451810145 -4355.448515918 p
3088 2802.271296348333 -3817.882330446666 p
3113 3463.5327419680007 -5038.392870261999 p
3116 3456.1929887625924 -4705.693856397778 p
4069 3404.124100545 -3024.1896023475 p
4070 3649.194538781429 -2274.655429432857 p
4099 4992.560170185 -3854.3369769299998 e
5814 3294.4465852656876 -4273.956699485625 p
5815 3318.0378358800003 -3008.446700273333 p
5816 3668.536001779 -3613.348081904 p
5887 3798.3198443339998 -3261.35063548 e
5892 2097.94822147 -5517.39682563 e
5897 3800.97745994 -3355.5162381299997 e
5899 2528.9883980171253 -4244.92913562875 p
6010 3322.4966909669993 -2295.1742022590997 p
6106 2230.874139299 -4188.37828926 p
6142 3515.325566216364 -2085.5584404372726 p
6160 3790.80685272 -3237.23449914 e
6628 4188.634322732727 -4522.423296043636 p
6644 1229.6609593994 -1878.4164960500002 p
8027 2643.9716815049997 -2099.234766475 e
9765 2371.625827422857 -1724.1657964435713 p
15457 1188.6398913409998 -983.6741726735 e
23835 1840.8744606033335 -1393.6393655086667 e
44890 484.35123101700003 -223.036181624 p
64102 428.643692002 -194.982376149 e
