1262   5815  1.000000 
1302   5814  1.000000 
1303   5814  1.000000 
1355   5814  1.000000 
664   5814  1.000000 
166   5814  1.000000 
1234   5814  1.000000 
730   5814  0.857000 
705   5815  1.000000 
1052   5814  1.000000 
903   5814  1.000000 
832   5814  1.000000 
576   5815  1.000000 
646   5815  1.000000 
526   5815  1.000000 
1413   5814  1.000000 
671   5814  1.000000 
14   5814  1.000000 
67   5814  1.000000 
702   5814  1.000000 
1037   4777  1.000000 
1287   5814  0.857000 
125   5814  0.875000 
507   5814  1.000000 
796   5815  0.250000 
796   5814  0.750000 
333   5814  0.857000 
993   5817  1.000000 
541   5814  0.500000 
480   5814  1.000000 
838   5815  0.667000 
455   5814  1.000000 
1035   4777  1.000000 
863   5814  1.000000 
908   5815  1.000000 
1082   5814  1.000000 
460   5814  0.857000 
807   5814  1.000000 
684   5814  1.000000 
1388   5814  0.857000 
11   5814  1.000000 
1174   5815  1.000000 
1117   5814  1.000000 
649   5815  1.000000 
681   5814  1.000000 
750   5814  1.000000 
163   5814  1.000000 
1017   5814  1.000000 
685   5815  1.000000 
942   5814  1.000000 
798   5814  1.000000 
102   5814  1.000000 
482   5816  0.143000 
482   5814  0.857000 
1392   5814  0.857000 
214   5814  1.000000 
1191   5815  1.000000 
627   5815  1.000000 
488   5814  0.857000 
488   5816  0.143000 
403   5814  0.857000 
412   5814  1.000000 
1322   5814  1.000000 
630   5815  1.000000 
745   5816  0.167000 
745   5814  0.833000 
1020   5815  1.000000 
1052   4777  1.000000 
692   4578  1.000000 
1348   5814  0.857000 
1034   5814  1.000000 
1218   5814  0.800000 
609   5814  1.000000 
903   5815  1.000000 
524   5814  1.000000 
1122   5814  1.000000 
257   5814  1.000000 
897   5814  1.000000 
200   5814  1.000000 
1271   5814  1.000000 
362   5814  0.857000 
758   5816  1.000000 
450   5814  0.857000 
1196   5814  1.000000 
627   5814  1.000000 
13   5814  1.000000 
489   5814  1.000000 
515   5814  1.000000 
767   5815  0.167000 
767   5814  0.833000 
46   5814  1.000000 
508   5816  1.000000 
998   5814  1.000000 
980   5814  0.667000 
980   5815  0.333000 
1420   5814  1.000000 
801   5814  1.000000 
271   5814  1.000000 
1378   5814  0.714000 
1214   5815  1.000000 
902   5814  1.000000 
1031   5814  0.500000 
551   5815  1.000000 
553   5814  1.000000 
981   5815  1.000000 
237   5814  1.000000 
1407   5814  1.000000 
1039   4777  1.000000 
658   5814  0.500000 
658   5815  0.500000 
1275   5814  1.000000 
692   5815  1.000000 
605   5814  1.000000 
650   5815  1.000000 
575   5814  1.000000 
1279   5816  1.000000 
1434   5814  1.000000 
940   5814  1.000000 
1096   5814  1.000000 
138   5814  1.000000 
1035   5814  0.500000 
848   5814  1.000000 
1360   5814  1.000000 
1409   5814  1.000000 
184   5814  1.000000 
913   5814  1.000000 
60   5814  1.000000 
339   5814  1.000000 
652   5815  1.000000 
789   5814  1.000000 
700   5815  1.000000 
383   5814  1.000000 
948   5814  1.000000 
1127   5814  1.000000 
322   5814  1.000000 
544   5814  1.000000 
1076   5814  1.000000 
1330   5814  1.000000 
266   5814  1.000000 
1272   5815  1.000000 
524   5815  1.000000 
1253   5814  1.000000 
970   5815  1.000000 
1435   5814  1.000000 
838   5814  1.000000 
1267   5815  1.000000 
1404   5814  0.833000 
265   5814  0.833000 
688   5815  1.000000 
944   5815  1.000000 
254   5814  1.000000 
1188   5815  1.000000 
646   5814  1.000000 
616   5814  1.000000 
808   5815  1.000000 
453   5814  0.667000 
118   5814  1.000000 
825   5814  1.000000 
447   5814  1.000000 
1261   5815  1.000000 
1236   5814  1.000000 
677   5814  1.000000 
972   5815  0.250000 
972   5814  0.750000 
1174   5814  0.833000 
594   5814  1.000000 
843   5815  1.000000 
77   5814  1.000000 
582   5814  0.800000 
582   5815  0.200000 
436   5814  1.000000 
293   5814  0.857000 
1052   4743  1.000000 
385   5814  1.000000 
778   5815  1.000000 
1225   5815  1.000000 
1047   4743  1.000000 
535   4578  0.400000 
535   5815  0.600000 
458   5814  0.857000 
472   5814  1.000000 
1408   5814  0.857000 
1019   5814  1.000000 
428   5814  1.000000 
764   5816  1.000000 
169   5814  1.000000 
535   4578  0.400000 
535   5815  0.600000 
130   5814  1.000000 
815   5815  1.000000 
771   5814  1.000000 
144   5814  0.875000 
736   5814  0.857000 
1176   5815  1.000000 
527   5815  1.000000 
763   5816  1.000000 
693   4578  1.000000 
40   5814  1.000000 
554   5814  0.833000 
568   5814  1.000000 
717   5814  1.000000 
516   5814  1.000000 
520   5814  0.857000 
520   5816  0.143000 
696   5814  0.333000 
696   5815  0.667000 
643   5814  1.000000 
871   5814  1.000000 
500   5816  1.000000 
597   5815  1.000000 
441   5814  1.000000 
536   4578  1.000000 
890   5814  1.000000 
624   5814  1.000000 
884   5815  1.000000 
695   5814  0.667000 
869   5815  1.000000 
750   5816  1.000000 
533   5814  1.000000 
923   5814  1.000000 
94   5814  1.000000 
1045   5815  1.000000 
869   5816  1.000000 
1013   5817  1.000000 
964   5814  0.750000 
398   5814  1.000000 
505   5816  1.000000 
376   5814  1.000000 
173   5814  1.000000 
1066   5815  0.500000 
1066   5814  0.500000 
544   5814  1.000000 
989   5815  1.000000 
1186   5815  1.000000 
309   5814  1.000000 
562   5815  1.000000 
602   5814  1.000000 
909   5814  1.000000 
1276   5814  1.000000 
734   5814  0.857000 
1257   5814  1.000000 
630   5814  1.000000 
198   5814  1.000000 
990   5817  1.000000 
901   5814  1.000000 
25   5814  1.000000 
19   5814  1.000000 
97   5814  1.000000 
987   5817  1.000000 
1069   5815  1.000000 
645   5815  1.000000 
699   5814  0.750000 
699   5816  0.250000 
752   5816  1.000000 
819   5817  0.250000 
819   5815  0.750000 
523   5815  0.143000 
523   5814  0.714000 
523   5816  0.143000 
1380   5814  0.857000 
831   5814  0.750000 
1241   5815  1.000000 
706   5814  1.000000 
1433   5814  1.000000 
26   5814  1.000000 
719   5814  1.000000 
695   5815  1.000000 
1009   5817  1.000000 
701   5814  1.000000 
156   5814  1.000000 
1037   5814  1.000000 
985   5817  1.000000 
316   5814  1.000000 
1356   5814  0.857000 
922   5815  1.000000 
494   5816  1.000000 
1040   5815  0.667000 
1040   5814  0.333000 
636   5814  1.000000 
565   5815  1.000000 
4   5814  0.875000 
1342   5814  0.833000 
28   5814  1.000000 
650   5814  1.000000 
873   5814  1.000000 
1166   5814  1.000000 
771   5815  1.000000 
620   5815  1.000000 
1337   5814  0.857000 
205   5814  1.000000 
862   5814  1.000000 
910   5814  1.000000 
661   5815  1.000000 
1002   5817  1.000000 
632   5814  1.000000 
1242   5815  1.000000 
1198   5815  1.000000 
586   5815  1.000000 
698   5815  1.000000 
882   5814  1.000000 
391   5814  1.000000 
926   5815  1.000000 
527   5814  0.750000 
527   4592  0.250000 
294   5814  1.000000 
1039   5815  1.000000 
485   5816  0.143000 
485   5814  0.857000 
342   5814  1.000000 
1075   5814  1.000000 
89   5814  1.000000 
618   5815  1.000000 
414   5814  1.000000 
635   5815  0.200000 
635   5814  0.800000 
759   5816  1.000000 
558   5814  1.000000 
296   5814  0.857000 
1190   5815  1.000000 
668   5814  1.000000 
720   5814  1.000000 
802   5814  1.000000 
320   5814  1.000000 
341   5814  0.714000 
891   5815  1.000000 
1   5814  1.000000 
1324   5814  1.000000 
539   5815  1.000000 
1296   5814  1.000000 
836   5814  0.333000 
836   5815  0.667000 
417   5814  0.857000 
916   5815  1.000000 
886   5815  1.000000 
1216   5814  1.000000 
65   5814  0.875000 
110   5814  1.000000 
348   5814  1.000000 
1424   5814  1.000000 
622   5815  1.000000 
907   5815  1.000000 
1003   5815  1.000000 
1374   5814  1.000000 
3   5814  1.000000 
702   5814  1.000000 
832   5815  1.000000 
1173   5814  1.000000 
875   5815  1.000000 
629   5815  1.000000 
467   5814  1.000000 
1345   5814  1.000000 
1428   5814  1.000000 
1163   5814  1.000000 
899   5814  1.000000 
1164   5814  1.000000 
103   5814  1.000000 
605   5815  1.000000 
619   5815  1.000000 
1146   5814  1.000000 
90   5814  1.000000 
1411   5814  1.000000 
691   5815  1.000000 
407   5814  1.000000 
697   5815  1.000000 
1084   5814  1.000000 
1235   5814  1.000000 
521   5816  0.167000 
521   5814  0.833000 
18   5814  1.000000 
1014   5817  1.000000 
502   5816  1.000000 
566   5814  1.000000 
487   5814  1.000000 
816   5815  1.000000 
540   5814  1.000000 
1359   5814  1.000000 
1390   5814  0.857000 
367   5814  1.000000 
578   5814  1.000000 
1160   5814  1.000000 
1243   5814  1.000000 
1260   5814  1.000000 
834   5814  1.000000 
645   5814  1.000000 
454   5814  0.800000 
239   5814  1.000000 
1191   5814  1.000000 
806   5814  1.000000 
260   5814  0.857000 
569   5815  1.000000 
730   5814  0.857000 
1384   5814  0.857000 
1342   5814  0.833000 
1422   5814  1.000000 
1399   5814  0.833000 
1000   5817  1.000000 
826   5814  1.000000 
894   5814  1.000000 
754   5816  1.000000 
572   5815  1.000000 
580   5815  1.000000 
975   5814  0.750000 
975   5815  0.250000 
1022   5814  1.000000 
283   5814  1.000000 
139   5814  0.875000 
1285   5816  1.000000 
967   5814  1.000000 
215   5814  1.000000 
836   5814  0.333000 
836   5815  0.667000 
961   5815  1.000000 
828   5815  1.000000 
33   5814  1.000000 
1352   5814  0.857000 
930   5814  1.000000 
783   5814  1.000000 
1245   5815  1.000000 
1249   5815  1.000000 
921   5814  1.000000 
876   5814  1.000000 
1284   5814  1.000000 
93   5814  1.000000 
1023   5814  0.667000 
357   5814  1.000000 
928   5814  1.000000 
889   5814  1.000000 
953   5815  1.000000 
573   5815  1.000000 
687   5814  0.750000 
361   5814  1.000000 
1188   5814  0.833000 
679   5814  1.000000 
818   5814  1.000000 
865   5814  0.833000 
865   5815  0.167000 
935   5814  1.000000 
1092   5814  1.000000 
941   5815  1.000000 
938   5815  1.000000 
819   5817  0.250000 
819   5815  0.750000 
502   5814  1.000000 
1176   5814  1.000000 
377   5814  0.857000 
1089   5814  1.000000 
1255   5815  1.000000 
1029   5814  0.667000 
129   5814  1.000000 
199   5814  1.000000 
606   5815  1.000000 
1309   5814  1.000000 
1175   5815  1.000000 
501   5814  1.000000 
567   5814  1.000000 
1192   5814  1.000000 
952   5814  0.800000 
785   5815  1.000000 
165   5814  1.000000 
658   5814  1.000000 
469   5814  1.000000 
415   5814  1.000000 
335   5814  0.857000 
989   5817  1.000000 
819   5814  1.000000 
675   5814  0.857000 
1202   5814  1.000000 
1290   5814  1.000000 
1129   5814  1.000000 
570   5815  1.000000 
918   5814  1.000000 
922   5814  1.000000 
1344   5814  1.000000 
603   5814  1.000000 
847   5814  1.000000 
604   5815  1.000000 
1172   5815  1.000000 
30   5814  1.000000 
1102   5814  1.000000 
431   5814  1.000000 
1195   5814  1.000000 
765   5814  1.000000 
528   5814  0.667000 
528   5815  0.333000 
491   5816  1.000000 
51   5814  1.000000 
196   5814  0.875000 
16   5814  0.875000 
1328   5814  1.000000 
472   5814  0.833000 
311   5814  1.000000 
1221   5815  1.000000 
549   5816  1.000000 
1375   5814  1.000000 
656   5814  1.000000 
1125   5814  1.000000 
1178   5814  1.000000 
822   5815  0.667000 
978   5814  1.000000 
977   5814  1.000000 
182   5814  1.000000 
424   5814  1.000000 
687   5815  1.000000 
1119   5814  1.000000 
1001   5815  1.000000 
1218   5815  1.000000 
973   5815  1.000000 
686   5815  1.000000 
1238   5814  1.000000 
259   5814  0.875000 
387   5814  1.000000 
1091   5814  1.000000 
579   5814  1.000000 
297   5814  1.000000 
484   5814  1.000000 
