626   6482  1.000000 
683   5815  1.000000 
36   5815  0.875000 
459   4578  1.000000 
674   12976  1.000000 
981   23282  1.000000 
781   5881  1.000000 
852   23285  1.000000 
1383   5814  1.000000 
598   6507  1.000000 
1061   6486  1.000000 
1308   5815  1.000000 
668   6113  1.000000 
811   2966  1.000000 
60   5815  1.000000 
936   6282  1.000000 
790   12977  1.000000 
866   13114  1.000000 
556   4069  1.000000 
460   4591  1.000000 
1099   5814  0.800000 
1294   5815  1.000000 
640   13119  1.000000 
673   6104  1.000000 
960   6282  1.000000 
1343   5815  1.000000 
666   6100  1.000000 
339   4073  1.000000 
618   3014  1.000000 
113   5815  1.000000 
519   4591  1.000000 
473   4578  1.000000 
836   23285  1.000000 
507   4067  1.000000 
1123   5814  1.000000 
784   4124  1.000000 
729   6510  1.000000 
1246   5814  1.000000 
1016   3067  1.000000 
1190   5814  1.000000 
1049   5815  1.000000 
466   4578  1.000000 
82   4073  1.000000 
765   12976  1.000000 
976   5815  1.000000 
1223   5815  1.000000 
1328   5815  0.889000 
531   5815  1.000000 
579   5815  1.000000 
565   3034  1.000000 
888   5815  1.000000 
1319   5815  0.875000 
546   5815  0.857000 
622   6482  1.000000 
83   5815  1.000000 
842   12976  1.000000 
862   23285  1.000000 
520   4591  1.000000 
1107   5815  1.000000 
1130   5815  1.000000 
431   4578  1.000000 
873   2966  1.000000 
780   4124  1.000000 
1275   5814  1.000000 
852   20517  1.000000 
1194   5814  1.000000 
894   16807  1.000000 
262   5815  0.700000 
940   5816  0.333000 
940   5814  0.667000 
152   5815  0.889000 
857   5815  1.000000 
7   5815  1.000000 
1367   4591  1.000000 
919   5814  1.000000 
997   5816  0.200000 
997   5814  0.600000 
87   5815  1.000000 
235   4073  1.000000 
743   5815  1.000000 
961   3067  1.000000 
707   14812  1.000000 
713   3073  1.000000 
86   5815  1.000000 
194   5815  1.000000 
1055   5815  1.000000 
927   5815  1.000000 
782   23285  1.000000 
1026   23285  1.000000 
1312   5814  1.000000 
549   20015  1.000000 
410   4591  1.000000 
544   5891  1.000000 
928   6154  1.000000 
649   5814  1.000000 
1061   3067  1.000000 
544   4591  0.500000 
636   5815  1.000000 
790   5815  1.000000 
1433   4591  1.000000 
1195   5815  1.000000 
898   23285  1.000000 
654   4069  1.000000 
713   14812  1.000000 
968   6282  1.000000 
782   5881  1.000000 
856   6154  1.000000 
1002   23285  1.000000 
976   6637  1.000000 
689   20369  1.000000 
1235   5814  0.750000 
155   5815  1.000000 
1386   4578  1.000000 
359   5815  0.900000 
602   4114  1.000000 
791   4124  1.000000 
1013   3067  1.000000 
1062   3067  1.000000 
963   5815  1.000000 
669   13156  1.000000 
589   6493  1.000000 
966   23285  1.000000 
479   5815  1.000000 
878   5814  1.000000 
324   4073  1.000000 
176   4073  1.000000 
1076   5815  1.000000 
344   5815  1.000000 
248   5815  1.000000 
486   4591  1.000000 
1018   13118  1.000000 
1417   5815  1.000000 
69   6099  1.000000 
164   4073  1.000000 
215   4073  1.000000 
906   5814  1.000000 
534   6105  1.000000 
401   5815  1.000000 
990   5814  1.000000 
900   13114  1.000000 
1005   3067  1.000000 
515   4073  1.000000 
580   4591  1.000000 
982   5814  0.750000 
937   5814  0.200000 
937   5815  0.800000 
308   5815  1.000000 
398   5815  1.000000 
988   6639  1.000000 
883   6154  1.000000 
243   4073  1.000000 
1001   4844  1.000000 
297   4073  1.000000 
642   5815  1.000000 
498   5815  1.000000 
711   5814  1.000000 
894   23285  1.000000 
1204   5814  1.000000 
931   5814  1.000000 
887   14812  1.000000 
1027   5815  1.000000 
951   5815  1.000000 
819   5815  1.000000 
1191   5814  0.600000 
1191   5816  0.400000 
719   4591  1.000000 
1435   4591  1.000000 
681   5815  1.000000 
309   5815  1.000000 
1034   5815  1.000000 
754   12976  1.000000 
1372   4073  1.000000 
40   5894  1.000000 
1073   5814  0.750000 
85   4073  1.000000 
379   4073  1.000000 
869   23285  1.000000 
996   5815  1.000000 
963   5814  1.000000 
14   5815  1.000000 
800   5815  1.000000 
1128   6104  1.000000 
555   3014  1.000000 
140   5815  0.889000 
1141   4067  1.000000 
990   3067  1.000000 
687   5892  1.000000 
60   4073  1.000000 
753   4591  1.000000 
1111   4078  1.000000 
533   6105  1.000000 
1096   5815  1.000000 
596   13249  1.000000 
494   5815  1.000000 
564   5815  0.833000 
597   6282  1.000000 
528   4591  1.000000 
1120   6105  1.000000 
523   20015  1.000000 
423   4073  1.000000 
1438   5815  1.000000 
393   4073  1.000000 
899   5814  1.000000 
511   4591  1.000000 
195   5815  1.000000 
1044   23285  1.000000 
916   5814  0.500000 
1009   3067  1.000000 
1051   5815  1.000000 
592   13124  1.000000 
33   5815  1.000000 
141   5815  1.000000 
668   23280  1.000000 
925   3009  1.000000 
173   4073  1.000000 
1095   5814  1.000000 
1140   5814  1.000000 
1098   3014  1.000000 
980   23282  1.000000 
1382   5814  1.000000 
136   5815  0.875000 
728   23285  1.000000 
220   4073  1.000000 
1124   4461  1.000000 
1131   5815  1.000000 
1101   3014  1.000000 
463   4591  1.000000 
836   5815  1.000000 
828   5815  1.000000 
36   5815  0.875000 
535   6105  1.000000 
921   5814  0.500000 
1433   5815  1.000000 
574   6513  1.000000 
915   14812  1.000000 
127   4073  1.000000 
1438   4591  1.000000 
886   6617  1.000000 
936   6481  1.000000 
161   4073  1.000000 
819   23285  1.000000 
781   23285  1.000000 
436   5815  1.000000 
1319   5814  1.000000 
265   5815  0.889000 
54   6162  1.000000 
465   4578  1.000000 
440   5815  1.000000 
83   5814  1.000000 
478   4578  1.000000 
590   5816  1.000000 
454   4578  1.000000 
1077   3067  1.000000 
1030   6617  1.000000 
1052   23285  1.000000 
706   5815  1.000000 
1227   5814  0.750000 
1017   23285  1.000000 
805   12978  1.000000 
535   5816  1.000000 
650   13156  1.000000 
732   5815  1.000000 
863   5815  1.000000 
663   6480  1.000000 
1102   5814  1.000000 
1353   5814  1.000000 
897   12980  1.000000 
64   4073  1.000000 
901   3009  1.000000 
341   5815  1.000000 
182   5815  0.889000 
1260   5815  0.800000 
1089   6516  1.000000 
1119   5814  1.000000 
583   4073  1.000000 
916   23285  1.000000 
1022   3067  1.000000 
62   5815  1.000000 
442   5815  1.000000 
913   6154  1.000000 
539   4591  1.000000 
1265   5814  1.000000 
825   5815  1.000000 
1019   3067  1.000000 
317   5815  1.000000 
663   23285  1.000000 
991   23282  1.000000 
999   13162  1.000000 
970   6636  1.000000 
766   12976  1.000000 
1120   5814  1.000000 
1434   4591  0.500000 
1434   4578  0.500000 
740   6115  1.000000 
1030   5816  0.200000 
1030   5814  0.800000 
773   4124  1.000000 
1175   5815  1.000000 
267   5815  0.875000 
49   4073  1.000000 
828   6142  1.000000 
1004   5814  0.750000 
1004   5816  0.250000 
639   5815  1.000000 
90   4073  1.000000 
1214   5814  0.800000 
16   5815  1.000000 
345   5815  0.900000 
1099   3014  1.000000 
1   5815  0.875000 
818   2966  1.000000 
700   20369  1.000000 
962   6282  1.000000 
187   5815  0.889000 
1377   4591  1.000000 
313   4073  1.000000 
1201   5814  1.000000 
674   23280  1.000000 
483   5816  1.000000 
1375   4073  1.000000 
1057   13118  1.000000 
456   4578  1.000000 
613   13156  1.000000 
544   4591  0.500000 
331   4073  1.000000 
161   5815  1.000000 
1321   5815  0.500000 
1321   5814  0.500000 
571   4591  1.000000 
670   13156  1.000000 
1360   4073  0.500000 
1360   4591  0.500000 
958   23285  1.000000 
855   23285  1.000000 
187   4073  1.000000 
849   12978  1.000000 
1259   5814  1.000000 
1196   5814  1.000000 
1017   5814  0.833000 
593   13125  1.000000 
670   20051  1.000000 
902   23285  1.000000 
653   23280  1.000000 
63   5815  1.000000 
485   5815  1.000000 
862   5815  0.800000 
576   3080  1.000000 
577   5816  1.000000 
712   5815  1.000000 
425   5815  1.000000 
715   23285  1.000000 
1019   23285  1.000000 
799   2966  1.000000 
584   4100  1.000000 
733   23285  1.000000 
692   5815  1.000000 
216   5815  1.000000 
555   5815  1.000000 
1210   5814  0.800000 
1055   5814  1.000000 
702   4591  1.000000 
1044   5814  1.000000 
864   14812  1.000000 
1029   23278  1.000000 
1102   3064  1.000000 
1215   5814  1.000000 
842   5815  1.000000 
862   16807  1.000000 
351   5815  0.900000 
330   4073  1.000000 
913   5814  0.500000 
1330   5814  1.000000 
481   4073  1.000000 
436   4578  1.000000 
386   5815  1.000000 
1379   4578  1.000000 
803   23285  1.000000 
1136   3067  1.000000 
936   5814  0.500000 
16   3064  1.000000 
954   5815  0.667000 
558   4069  1.000000 
521   20015  1.000000 
1423   5815  1.000000 
369   4073  1.000000 
841   2966  1.000000 
1340   5815  0.889000 
1340   4591  0.111000 
371   5815  0.900000 
556   4073  1.000000 
1232   5814  1.000000 
932   5815  0.800000 
779   12977  1.000000 
881   23285  1.000000 
600   6484  1.000000 
953   3037  1.000000 
139   4073  1.000000 
645   23280  1.000000 
1145   5815  1.000000 
421   4073  1.000000 
1393   5815  0.857000 
701   4591  1.000000 
613   3014  1.000000 
886   23285  1.000000 
1377   4073  1.000000 
887   23285  1.000000 
363   5815  0.900000 
657   4067  1.000000 
1278   5814  1.000000 
1152   3067  1.000000 
181   4073  1.000000 
44   4501  1.000000 
824   5815  1.000000 
989   22525  1.000000 
1097   3014  1.000000 
844   14812  1.000000 
920   6154  1.000000 
1239   5815  1.000000 
593   5815  1.000000 
722   5815  1.000000 
461   4578  1.000000 
458   5815  0.500000 
458   4591  0.500000 
1205   5815  1.000000 
1288   5815  1.000000 
1007   5814  0.800000 
981   23285  1.000000 
708   5814  1.000000 
1053   5815  1.000000 
1333   5814  1.000000 
390   4073  1.000000 
592   5816  1.000000 
1001   13162  1.000000 
962   23285  1.000000 
769   12977  1.000000 
863   14812  1.000000 
616   3014  1.000000 
1367   5814  1.000000 
223   4073  1.000000 
955   5815  1.000000 
895   23285  1.000000 
1181   5814  0.800000 
1181   5816  0.200000 
15   5815  1.000000 
633   6513  1.000000 
1066   5814  1.000000 
1354   5814  1.000000 
794   12977  1.000000 
816   4124  1.000000 
971   6636  1.000000 
1071   3067  1.000000 
1352   4591  1.000000 
822   13156  1.000000 
870   5814  1.000000 
532   4591  0.500000 
532   4073  0.500000 
134   5815  0.889000 
511   5815  1.000000 
1142   3067  1.000000 
43   5815  1.000000 
859   23285  1.000000 
257   4073  1.000000 
933   5814  1.000000 
910   5815  1.000000 
213   4073  1.000000 
599   5894  1.000000 
1077   5815  1.000000 
120   5815  0.889000 
664   5815  1.000000 
42   5815  1.000000 
101   4073  1.000000 
1054   3067  1.000000 
149   4073  1.000000 
1095   3067  1.000000 
1087   3067  1.000000 
460   4578  1.000000 
1200   5814  1.000000 
430   4578  1.000000 
1091   5815  1.000000 
723   5815  1.000000 
1179   5814  1.000000 
837   2966  1.000000 
1008   23285  1.000000 
1071   5814  1.000000 
231   5815  1.000000 
572   4591  1.000000 
832   5815  1.000000 
836   14812  1.000000 
1346   5814  1.000000 
509   5815  1.000000 
1137   3067  1.000000 
431   5815  1.000000 
931   23285  1.000000 
755   4591  1.000000 
846   23285  1.000000 
1019   5814  1.000000 
116   5815  0.889000 
1235   5814  0.750000 
1148   3067  1.000000 
1047   23285  1.000000 
1379   4591  1.000000 
210   5815  0.875000 
1316   5814  1.000000 
1101   5814  1.000000 
947   5814  1.000000 
754   23285  1.000000 
646   23280  1.000000 
942   5815  1.000000 
890   23285  1.000000 
829   2966  1.000000 
238   4073  1.000000 
1197   5814  1.000000 
487   5815  1.000000 
628   13156  1.000000 
1280   5814  1.000000 
816   23285  1.000000 
1012   5816  1.000000 
348   5815  1.000000 
142   5815  0.889000 
961   5815  1.000000 
753   5815  1.000000 
857   14812  1.000000 
205   5815  1.000000 
197   5815  0.889000 
538   4591  1.000000 
843   6142  1.000000 
1218   5815  1.000000 
383   5815  1.000000 
607   6480  1.000000 
1134   3067  1.000000 
2   5815  1.000000 
476   4591  1.000000 
1168   5814  1.000000 
185   4073  1.000000 
983   23285  1.000000 
1250   5814  1.000000 
1337   5814  1.000000 
503   5815  1.000000 
1185   5814  1.000000 
687   5815  1.000000 
723   5815  1.000000 
893   23285  1.000000 
1274   5814  1.000000 
957   5814  1.000000 
128   5815  0.889000 
925   5814  0.500000 
547   4591  1.000000 
940   16777  1.000000 
270   4073  1.000000 
1300   5815  1.000000 
801   2966  1.000000 
1079   5815  1.000000 
449   5815  1.000000 
976   5814  0.750000 
879   5815  1.000000 
898   5814  1.000000 
1139   5815  1.000000 
1091   4070  1.000000 
982   5815  1.000000 
800   23285  1.000000 
1121   5815  1.000000 
1058   6659  1.000000 
801   12978  1.000000 
583   5815  1.000000 
489   4069  1.000000 
998   23282  1.000000 
658   4066  1.000000 
21   4073  1.000000 
864   5814  1.000000 
727   23285  1.000000 
87   5814  1.000000 
941   5816  1.000000 
373   4073  1.000000 
1046   3067  1.000000 
593   6115  1.000000 
892   6154  1.000000 
1285   5815  1.000000 
685   5815  1.000000 
1145   5814  1.000000 
576   5815  1.000000 
952   5814  0.750000 
952   5816  0.250000 
150   5815  0.778000 
427   4578  1.000000 
941   2966  1.000000 
231   4073  1.000000 
651   23280  1.000000 
574   4063  1.000000 
1048   3067  1.000000 
864   5815  1.000000 
1428   5815  1.000000 
1058   4070  1.000000 
1189   5815  1.000000 
757   12976  1.000000 
1277   5815  0.333000 
1277   5814  0.667000 
1170   5815  1.000000 
761   5815  1.000000 
1338   5815  1.000000 
976   3067  1.000000 
427   5815  1.000000 
1079   5814  1.000000 
627   5815  1.000000 
1110   5814  1.000000 
1105   3067  1.000000 
164   5815  0.889000 
49   5815  0.875000 
625   6482  1.000000 
1072   4070  1.000000 
916   5814  0.500000 
634   13156  1.000000 
104   4073  1.000000 
852   12978  1.000000 
1056   5815  1.000000 
1115   5894  1.000000 
866   23285  1.000000 
946   13117  1.000000 
1086   3067  1.000000 
264   5815  0.900000 
1086   5815  1.000000 
513   5815  1.000000 
978   3067  1.000000 
1057   3067  1.000000 
536   4073  0.500000 
536   4591  0.500000 
278   4073  1.000000 
1434   4073  0.143000 
1434   5815  0.857000 
70   6099  1.000000 
1157   5814  1.000000 
456   4591  0.667000 
456   4578  0.333000 
777   4124  1.000000 
1377   5814  1.000000 
896   5814  1.000000 
992   23285  1.000000 
130   4073  1.000000 
172   5815  1.000000 
1022   23285  1.000000 
388   5815  0.900000 
143   5815  1.000000 
270   5815  1.000000 
569   4065  1.000000 
1017   5814  0.833000 
1015   5814  0.667000 
1335   5815  1.000000 
497   5815  1.000000 
802   23285  1.000000 
976   23285  1.000000 
1063   3067  1.000000 
1131   3067  1.000000 
1281   5815  1.000000 
1166   5815  1.000000 
789   12978  1.000000 
983   5815  0.667000 
983   5814  0.333000 
1283   5815  1.000000 
1289   5815  1.000000 
573   5816  1.000000 
1276   5814  1.000000 
1345   4591  1.000000 
114   5815  1.000000 
1089   5815  1.000000 
1025   5814  1.000000 
874   14812  1.000000 
1323   5815  1.000000 
122   5815  1.000000 
327   5815  1.000000 
1181   5815  1.000000 
551   5815  1.000000 
841   5815  0.800000 
1191   5815  1.000000 
1220   5815  1.000000 
725   23285  1.000000 
133   5815  1.000000 
1427   5815  0.875000 
1427   4591  0.125000 
842   5814  1.000000 
1012   5815  1.000000 
1021   6482  1.000000 
1088   4070  1.000000 
408   4073  1.000000 
870   23285  1.000000 
1042   12976  1.000000 
1110   4078  1.000000 
354   5815  1.000000 
595   5815  1.000000 
806   4591  1.000000 
126   5815  1.000000 
1115   3067  1.000000 
1005   5814  0.750000 
11   5815  1.000000 
732   23285  1.000000 
1103   5814  0.800000 
994   23282  1.000000 
1087   5814  0.750000 
107   5815  0.889000 
1272   5814  1.000000 
1187   5814  1.000000 
518   4063  1.000000 
793   23285  1.000000 
1247   5815  1.000000 
899   13114  1.000000 
290   5815  1.000000 
1096   3067  1.000000 
1399   4578  1.000000 
1365   5815  0.857000 
1037   5815  1.000000 
880   13114  1.000000 
998   3067  1.000000 
1084   6499  1.000000 
1241   5815  1.000000 
1061   4070  1.000000 
903   6154  1.000000 
932   5814  1.000000 
890   14812  1.000000 
449   4578  1.000000 
475   5815  1.000000 
428   4578  1.000000 
955   5814  1.000000 
180   5815  1.000000 
1068   4070  1.000000 
777   5881  1.000000 
887   5815  1.000000 
844   12977  1.000000 
404   5815  1.000000 
987   6639  1.000000 
908   23285  1.000000 
1044   5815  1.000000 
1068   5815  1.000000 
1094   5814  1.000000 
1347   4073  1.000000 
1123   5904  1.000000 
417   4073  1.000000 
1385   4578  1.000000 
1009   6479  1.000000 
121   4073  1.000000 
303   4073  1.000000 
878   4591  1.000000 
700   23280  1.000000 
1097   5814  1.000000 
1027   3067  1.000000 
941   5814  0.500000 
706   14812  1.000000 
1290   5814  1.000000 
1172   5815  1.000000 
952   23285  1.000000 
537   5815  0.857000 
499   20015  1.000000 
872   5815  1.000000 
656   23280  1.000000 
485   5816  1.000000 
383   4073  1.000000 
222   5815  1.000000 
701   3014  1.000000 
926   12976  1.000000 
996   5814  1.000000 
906   12980  1.000000 
979   6637  1.000000 
1395   4073  1.000000 
208   4073  1.000000 
528   20015  1.000000 
1144   3067  1.000000 
926   5815  1.000000 
949   5815  1.000000 
841   6142  1.000000 
817   2966  1.000000 
1001   5814  0.800000 
1365   4591  0.500000 
1365   4578  0.500000 
749   6479  1.000000 
821   5815  1.000000 
989   5815  1.000000 
565   4069  1.000000 
918   6154  1.000000 
1243   5814  1.000000 
842   23285  1.000000 
675   5815  1.000000 
897   3009  1.000000 
421   5815  1.000000 
809   2966  1.000000 
266   5815  0.778000 
585   5815  1.000000 
519   4073  1.000000 
70   4073  1.000000 
592   5815  0.857000 
1022   5814  1.000000 
907   5814  1.000000 
856   2966  1.000000 
731   6510  1.000000 
1066   3067  1.000000 
762   5815  1.000000 
1114   3067  1.000000 
660   5815  1.000000 
518   4591  1.000000 
839   5815  1.000000 
93   5815  1.000000 
415   4073  1.000000 
554   5814  1.000000 
871   23285  1.000000 
1248   5815  1.000000 
962   3067  1.000000 
816   2966  1.000000 
845   5814  1.000000 
722   6099  1.000000 
887   6154  1.000000 
701   14812  1.000000 
1334   5815  0.778000 
794   5815  0.833000 
829   23285  1.000000 
728   5815  1.000000 
1151   5814  1.000000 
768   2988  1.000000 
1302   5815  1.000000 
594   12970  1.000000 
395   4073  0.500000 
395   5815  0.500000 
489   5815  1.000000 
1388   5814  1.000000 
618   22360  1.000000 
1260   5814  1.000000 
980   5814  0.667000 
972   5814  0.750000 
627   13156  1.000000 
1014   3067  1.000000 
983   5815  0.667000 
983   5814  0.333000 
1173   5815  1.000000 
226   4073  1.000000 
972   5815  1.000000 
1266   5814  1.000000 
975   23285  1.000000 
548   5889  1.000000 
839   5814  1.000000 
448   4578  1.000000 
587   4073  1.000000 
835   6142  1.000000 
1104   5887  1.000000 
977   5815  1.000000 
1077   5814  1.000000 
969   5815  1.000000 
904   3009  1.000000 
144   5815  0.889000 
410   4073  1.000000 
919   14812  1.000000 
443   5815  0.889000 
908   13114  1.000000 
1053   5814  1.000000 
947   23285  1.000000 
986   3067  1.000000 
1161   5814  1.000000 
1385   5814  1.000000 
945   2967  1.000000 
503   20015  1.000000 
576   4493  1.000000 
69   4073  1.000000 
1104   5814  1.000000 
197   4073  1.000000 
520   4493  1.000000 
526   5815  1.000000 
1020   23285  1.000000 
884   13114  1.000000 
588   4591  1.000000 
439   4578  1.000000 
1163   5815  1.000000 
1217   5815  0.200000 
1217   5814  0.800000 
970   5815  1.000000 
349   5815  1.000000 
1384   5814  1.000000 
948   5815  1.000000 
1138   6099  1.000000 
699   23280  1.000000 
631   6516  1.000000 
204   4073  1.000000 
619   2988  1.000000 
684   14812  1.000000 
699   5815  1.000000 
879   23283  1.000000 
908   6154  1.000000 
1125   5815  1.000000 
1088   5815  1.000000 
422   5815  0.889000 
760   23285  1.000000 
1152   5815  1.000000 
1212   5814  1.000000 
724   23285  1.000000 
781   12977  1.000000 
889   5815  1.000000 
94   4073  1.000000 
1399   5815  1.000000 
1058   5815  1.000000 
580   4070  1.000000 
154   5815  0.889000 
832   6142  1.000000 
866   2966  1.000000 
900   3009  1.000000 
298   4073  1.000000 
793   2966  1.000000 
43   4073  1.000000 
1185   5815  1.000000 
621   13093  1.000000 
56   4073  1.000000 
1317   5815  0.875000 
571   6515  1.000000 
58   5815  0.875000 
1103   5815  1.000000 
681   12977  1.000000 
1051   4070  1.000000 
584   5815  0.857000 
160   4073  1.000000 
1017   13118  1.000000 
1087   5815  1.000000 
902   5814  1.000000 
1117   5815  1.000000 
347   5815  0.667000 
1090   6651  1.000000 
66   6099  1.000000 
685   5894  1.000000 
1002   4069  1.000000 
713   5815  1.000000 
1144   5814  1.000000 
643   5814  1.000000 
793   12977  1.000000 
673   13156  1.000000 
1402   5815  1.000000 
1354   4591  1.000000 
501   5815  1.000000 
1250   5815  1.000000 
1295   5815  1.000000 
1390   4591  1.000000 
771   5815  1.000000 
851   2966  1.000000 
896   6154  1.000000 
1064   3067  1.000000 
1051   23285  1.000000 
652   5815  1.000000 
1237   5815  0.800000 
89   4073  1.000000 
985   6639  1.000000 
775   5815  1.000000 
496   4073  1.000000 
1174   5814  1.000000 
452   4578  0.500000 
452   4591  0.500000 
672   13156  1.000000 
260   5815  0.900000 
581   6100  1.000000 
847   5815  1.000000 
778   23285  1.000000 
589   5815  1.000000 
124   5815  0.889000 
696   14812  1.000000 
952   6282  1.000000 
1317   5815  0.875000 
1374   4591  1.000000 
1016   5815  1.000000 
899   6154  1.000000 
648   23280  1.000000 
1172   3032  1.000000 
829   14812  1.000000 
1054   6480  1.000000 
1003   5814  0.800000 
808   2966  1.000000 
744   5894  1.000000 
1140   3067  1.000000 
252   5815  1.000000 
202   4073  1.000000 
760   5815  1.000000 
1241   5814  0.750000 
891   14812  1.000000 
972   5814  0.750000 
824   12976  1.000000 
564   3037  1.000000 
281   5815  1.000000 
935   23285  1.000000 
1123   3067  1.000000 
18   5815  1.000000 
647   23280  1.000000 
756   5815  1.000000 
757   4591  1.000000 
748   6129  1.000000 
689   4506  1.000000 
542   4591  1.000000 
826   5815  1.000000 
803   12977  1.000000 
507   4073  0.125000 
507   5815  0.875000 
1006   4069  1.000000 
744   5815  1.000000 
62   6127  1.000000 
694   5815  1.000000 
285   5815  1.000000 
264   5815  0.900000 
1094   5815  1.000000 
1154   5816  0.200000 
1154   5814  0.800000 
547   5815  1.000000 
714   2692  1.000000 
930   23285  1.000000 
58   4073  1.000000 
381   4073  1.000000 
804   12977  1.000000 
129   4073  1.000000 
716   4591  1.000000 
548   4073  1.000000 
1142   5815  1.000000 
696   20369  1.000000 
904   23285  1.000000 
961   5814  1.000000 
1006   5815  1.000000 
1000   2066  1.000000 
943   5815  1.000000 
342   5815  1.000000 
402   4073  1.000000 
619   5815  0.875000 
1074   5816  0.333000 
1074   5814  0.667000 
1147   3067  1.000000 
134   5815  0.889000 
1118   5814  1.000000 
922   5815  1.000000 
789   4124  1.000000 
395   4073  0.500000 
395   5815  0.500000 
650   5814  1.000000 
648   6511  1.000000 
277   5815  1.000000 
1144   4069  1.000000 
716   4068  1.000000 
572   4064  1.000000 
1242   5815  1.000000 
437   5815  0.889000 
882   5814  1.000000 
928   5815  1.000000 
1387   5815  1.000000 
719   5815  0.800000 
917   5814  1.000000 
690   5815  1.000000 
637   3081  1.000000 
988   5815  1.000000 
1122   3067  1.000000 
1090   5814  1.000000 
1266   5815  1.000000 
714   5815  1.000000 
253   4073  1.000000 
603   6482  1.000000 
101   5815  1.000000 
1116   5814  1.000000 
24   3014  1.000000 
1289   5814  1.000000 
854   5815  1.000000 
1075   5815  0.333000 
438   4591  1.000000 
1222   5814  1.000000 
982   23282  1.000000 
1024   23285  1.000000 
741   5899  1.000000 
671   5815  1.000000 
239   5815  1.000000 
469   4578  1.000000 
381   5815  0.900000 
585   4073  1.000000 
1001   5814  0.800000 
35   4078  1.000000 
666   5815  1.000000 
667   23280  1.000000 
934   6480  1.000000 
358   4073  1.000000 
802   4591  0.167000 
802   5815  0.833000 
105   5815  1.000000 
75   4067  1.000000 
633   6482  1.000000 
1053   6480  1.000000 
795   23285  1.000000 
435   5815  1.000000 
832   12976  1.000000 
742   5906  1.000000 
1016   6503  1.000000 
80   4073  1.000000 
990   5815  1.000000 
390   5815  1.000000 
1052   4070  1.000000 
414   5815  1.000000 
860   2966  1.000000 
84   4073  1.000000 
708   23285  1.000000 
566   20015  0.500000 
566   4068  0.500000 
524   6100  1.000000 
751   23285  1.000000 
1240   5815  1.000000 
1269   5814  1.000000 
249   5815  1.000000 
1286   5814  1.000000 
935   2966  1.000000 
714   14812  1.000000 
582   4073  1.000000 
825   2966  1.000000 
781   5815  1.000000 
1133   6100  1.000000 
1147   5815  1.000000 
880   5815  1.000000 
762   4591  1.000000 
722   6496  1.000000 
1327   5814  1.000000 
1075   5815  0.333000 
514   5815  1.000000 
897   6154  1.000000 
51   4073  1.000000 
1369   5815  1.000000 
719   3083  1.000000 
442   4591  1.000000 
209   4073  1.000000 
530   4073  0.500000 
530   4591  0.500000 
740   4124  1.000000 
562   2971  1.000000 
521   4591  1.000000 
959   23285  1.000000 
1062   4072  1.000000 
1014   5814  1.000000 
75   4073  1.000000 
702   3014  1.000000 
567   4591  0.500000 
567   4073  0.500000 
759   23285  1.000000 
683   16830  1.000000 
847   20517  1.000000 
927   23285  1.000000 
907   23285  1.000000 
900   14812  1.000000 
288   4073  1.000000 
200   5815  1.000000 
767   23285  1.000000 
90   5815  0.875000 
956   6282  1.000000 
437   5815  0.889000 
593   4591  1.000000 
697   23280  1.000000 
1306   5815  1.000000 
965   5814  1.000000 
853   5815  1.000000 
696   23280  1.000000 
