1244   3738  1.000000 
1224   3738  1.000000 
891   671  1.000000 
257   3729  1.000000 
600   17074  1.000000 
696   671  1.000000 
661   3729  1.000000 
763   3729  1.000000 
942   1460  1.000000 
76   670  0.750000 
76   3729  0.250000 
835   3729  1.000000 
489   889  1.000000 
217   3729  1.000000 
935   17074  1.000000 
601   3729  0.600000 
601   3738  0.400000 
776   690  1.000000 
1381   3729  1.000000 
925   690  1.000000 
271   670  1.000000 
1225   690  1.000000 
1063   1946  1.000000 
1001   669  0.333000 
1001   690  0.667000 
97   3738  1.000000 
1333   3348  1.000000 
145   670  0.667000 
1266   3729  1.000000 
202   3729  1.000000 
456   670  1.000000 
1027   24710  1.000000 
1091   4946  1.000000 
451   667  1.000000 
315   670  1.000000 
836   17074  1.000000 
72   3729  1.000000 
423   670  1.000000 
181   670  1.000000 
1324   3729  1.000000 
864   3729  1.000000 
352   3729  1.000000 
714   671  1.000000 
982   17074  1.000000 
1296   3729  1.000000 
770   889  1.000000 
527   889  1.000000 
1284   3348  1.000000 
513   6035  1.000000 
1097   670  1.000000 
1356   3729  0.750000 
1097   1460  1.000000 
548   6038  1.000000 
222   670  1.000000 
1376   3729  1.000000 
104   670  1.000000 
1114   670  1.000000 
705   671  1.000000 
111   3738  1.000000 
701   690  1.000000 
633   1507  1.000000 
997   690  0.333000 
997   671  0.667000 
1212   670  1.000000 
1334   3738  0.250000 
1334   3729  0.750000 
1159   667  1.000000 
1093   6034  1.000000 
689   3729  1.000000 
985   690  0.667000 
985   671  0.333000 
1082   671  0.250000 
1082   690  0.750000 
725   3729  1.000000 
1355   3738  1.000000 
33   3729  1.000000 
126   3729  1.000000 
887   669  1.000000 
1329   3729  0.500000 
1329   3738  0.250000 
340   667  1.000000 
29   670  1.000000 
1149   1819  1.000000 
981   671  0.667000 
981   690  0.333000 
98   3738  1.000000 
298   3738  0.250000 
298   3729  0.750000 
1032   671  1.000000 
525   3729  1.000000 
623   6038  1.000000 
526   3729  1.000000 
459   3729  1.000000 
1004   690  0.333000 
1004   671  0.667000 
668   889  1.000000 
990   6038  1.000000 
961   690  1.000000 
6   3738  1.000000 
1249   3729  1.000000 
954   1460  0.500000 
954   3742  0.500000 
751   690  0.500000 
751   671  0.500000 
763   6038  1.000000 
697   889  1.000000 
680   671  1.000000 
552   889  1.000000 
1140   1822  1.000000 
651   3729  1.000000 
195   3729  1.000000 
119   3729  1.000000 
864   671  0.333000 
864   690  0.667000 
1207   3738  0.200000 
1207   3729  0.800000 
156   3729  0.750000 
859   889  1.000000 
1292   3738  0.200000 
1292   3729  0.800000 
349   1816  1.000000 
376   670  1.000000 
639   6038  1.000000 
1156   1816  1.000000 
369   3729  1.000000 
319   670  1.000000 
943   3728  1.000000 
531   889  1.000000 
1187   3729  0.750000 
875   889  1.000000 
1192   3729  1.000000 
426   3729  1.000000 
965   1460  1.000000 
1161   3729  1.000000 
20   3729  1.000000 
346   3729  0.750000 
1434   691  1.000000 
1246   3738  1.000000 
1271   3348  1.000000 
1087   5270  1.000000 
602   3729  0.500000 
602   3738  0.500000 
1021   889  1.000000 
904   17074  1.000000 
1294   3729  1.000000 
500   889  1.000000 
677   669  1.000000 
513   3738  1.000000 
398   3729  0.800000 
953   889  1.000000 
191   670  1.000000 
998   671  1.000000 
285   3729  1.000000 
64   670  1.000000 
1114   671  0.500000 
1114   690  0.500000 
413   3729  1.000000 
602   889  1.000000 
1361   3729  0.750000 
1361   3738  0.250000 
1207   690  1.000000 
888   889  1.000000 
1056   690  1.000000 
280   3729  1.000000 
473   1057  1.000000 
968   17074  1.000000 
1040   671  1.000000 
1306   670  1.000000 
1438   3738  1.000000 
768   690  0.500000 
768   671  0.500000 
593   6038  1.000000 
1191   3729  0.800000 
957   690  1.000000 
552   3729  1.000000 
1406   3348  1.000000 
512   6041  1.000000 
969   671  0.500000 
969   690  0.500000 
559   3729  1.000000 
1104   5186  1.000000 
965   671  1.000000 
1289   3348  1.000000 
923   690  0.500000 
923   671  0.500000 
557   889  1.000000 
1330   3729  1.000000 
629   3729  1.000000 
420   3729  1.000000 
1119   3729  1.000000 
1362   3729  1.000000 
72   3738  0.500000 
632   1507  1.000000 
605   17074  1.000000 
198   3729  1.000000 
855   690  1.000000 
940   669  1.000000 
1352   3729  0.800000 
804   6038  1.000000 
795   3729  1.000000 
1209   690  1.000000 
316   3729  0.750000 
316   3738  0.250000 
183   3729  1.000000 
199   3729  1.000000 
781   3729  1.000000 
1052   6038  1.000000 
1054   671  1.000000 
35   3738  1.000000 
174   670  1.000000 
707   889  1.000000 
675   889  1.000000 
677   24714  1.000000 
649   690  1.000000 
80   670  1.000000 
728   671  1.000000 
869   6038  1.000000 
1062   690  0.250000 
1062   671  0.750000 
90   3738  1.000000 
109   3738  1.000000 
701   889  1.000000 
584   3729  1.000000 
979   671  1.000000 
1043   690  0.500000 
1043   671  0.500000 
992   17074  1.000000 
822   6038  1.000000 
652   671  1.000000 
663   889  1.000000 
887   690  1.000000 
676   889  1.000000 
1300   4509  1.000000 
1112   669  1.000000 
699   6038  1.000000 
1317   3729  0.750000 
1246   3729  1.000000 
760   690  0.500000 
760   671  0.500000 
1070   671  1.000000 
552   3729  1.000000 
1189   3729  0.800000 
945   1460  1.000000 
1416   670  1.000000 
355   3729  1.000000 
424   670  1.000000 
861   6038  1.000000 
985   6038  1.000000 
230   3729  1.000000 
939   1687  1.000000 
900   690  1.000000 
21   670  0.500000 
21   3729  0.500000 
1274   4995  0.250000 
1274   3729  0.750000 
778   889  1.000000 
1090   671  1.000000 
448   3729  1.000000 
674   3729  1.000000 
937   1460  0.500000 
937   1462  0.500000 
511   636  1.000000 
461   3729  1.000000 
756   3729  1.000000 
455   3738  1.000000 
1038   690  1.000000 
343   667  1.000000 
984   690  1.000000 
746   671  1.000000 
1323   3729  0.800000 
100   3729  1.000000 
1248   671  1.000000 
569   6038  1.000000 
1226   7113  1.000000 
570   6038  1.000000 
1022   24712  1.000000 
805   3729  1.000000 
1325   670  1.000000 
1334   3348  1.000000 
1384   3729  1.000000 
362   1522  1.000000 
483   655  1.000000 
499   3738  1.000000 
1036   6038  1.000000 
755   889  1.000000 
393   3729  1.000000 
623   889  1.000000 
721   3729  1.000000 
209   670  1.000000 
660   4995  0.250000 
660   3729  0.750000 
1354   670  1.000000 
747   3729  1.000000 
849   3729  1.000000 
1080   690  0.333000 
1080   671  0.667000 
1094   690  0.333000 
1094   671  0.667000 
1037   671  1.000000 
948   690  1.000000 
1099   690  1.000000 
1121   3729  1.000000 
547   3729  1.000000 
710   17074  1.000000 
468   1675  1.000000 
688   3729  1.000000 
514   6035  1.000000 
699   671  1.000000 
684   671  1.000000 
125   3729  1.000000 
745   6038  1.000000 
1399   3738  0.500000 
1399   3729  0.500000 
494   2819  1.000000 
1075   690  0.333000 
1075   671  0.667000 
1005   889  1.000000 
67   3738  1.000000 
639   17074  1.000000 
1321   4509  1.000000 
800   3729  1.000000 
1074   636  1.000000 
358   670  1.000000 
764   889  1.000000 
180   670  1.000000 
1187   3729  0.750000 
1195   3729  1.000000 
429   1938  1.000000 
421   3729  1.000000 
997   889  1.000000 
453   667  1.000000 
209   3729  1.000000 
703   671  1.000000 
1025   690  1.000000 
270   3729  1.000000 
431   670  1.000000 
493   889  1.000000 
948   1717  1.000000 
457   670  1.000000 
1241   3738  1.000000 
440   3729  1.000000 
757   17074  1.000000 
825   6038  1.000000 
1198   3729  1.000000 
994   6038  1.000000 
469   17216  1.000000 
101   670  1.000000 
655   17074  1.000000 
1227   3738  1.000000 
571   17074  1.000000 
289   3729  1.000000 
1258   671  1.000000 
1415   3729  1.000000 
117   3738  0.500000 
987   6038  1.000000 
1112   5226  1.000000 
1066   690  0.333000 
1066   671  0.667000 
615   3729  0.500000 
615   3738  0.250000 
694   3729  1.000000 
150   670  1.000000 
187   3729  1.000000 
454   670  1.000000 
987   17074  1.000000 
927   3728  1.000000 
1010   671  1.000000 
724   6038  1.000000 
1070   690  0.500000 
1070   671  0.500000 
57   670  1.000000 
1347   3729  1.000000 
1352   670  1.000000 
460   3729  1.000000 
1283   3348  1.000000 
499   889  1.000000 
1368   3738  1.000000 
908   690  1.000000 
892   6038  1.000000 
1321   670  1.000000 
1118   3729  1.000000 
23   3729  1.000000 
981   6038  1.000000 
77   670  0.667000 
77   3738  0.333000 
612   17074  1.000000 
1110   671  1.000000 
59   670  1.000000 
235   3729  1.000000 
170   670  1.000000 
872   690  1.000000 
1241   691  1.000000 
933   6038  1.000000 
177   670  0.667000 
177   3729  0.333000 
247   670  1.000000 
718   6038  1.000000 
1232   3738  1.000000 
409   670  1.000000 
773   889  1.000000 
21   670  1.000000 
834   17074  1.000000 
2   1507  1.000000 
1053   690  1.000000 
1429   3729  1.000000 
826   1733  1.000000 
709   671  1.000000 
862   6038  1.000000 
1239   691  1.000000 
1079   690  0.500000 
1079   671  0.500000 
719   24714  1.000000 
1088   669  1.000000 
567   3729  1.000000 
727   6038  1.000000 
977   671  0.500000 
977   690  0.500000 
1012   6038  1.000000 
1058   690  1.000000 
1278   3711  1.000000 
510   3729  1.000000 
1082   671  0.250000 
1082   690  0.750000 
768   690  0.500000 
768   671  0.500000 
1108   6033  1.000000 
166   3729  0.667000 
53   670  1.000000 
1128   671  0.333000 
1128   690  0.667000 
361   670  1.000000 
234   3729  1.000000 
819   3729  1.000000 
769   6038  1.000000 
542   889  1.000000 
625   6038  1.000000 
779   671  1.000000 
1014   889  1.000000 
498   3738  1.000000 
1387   3729  0.500000 
1387   3738  0.500000 
648   3729  1.000000 
105   670  1.000000 
1255   3348  1.000000 
63   3729  1.000000 
950   671  1.000000 
912   671  1.000000 
368   1824  1.000000 
704   3729  1.000000 
1322   670  1.000000 
323   3729  1.000000 
1143   671  1.000000 
1433   3738  1.000000 
1134   669  1.000000 
809   1733  1.000000 
524   889  1.000000 
675   671  1.000000 
872   889  1.000000 
1077   636  1.000000 
521   889  1.000000 
926   1720  1.000000 
252   670  1.000000 
115   3729  1.000000 
215   3729  1.000000 
288   670  1.000000 
66   3729  0.750000 
66   3738  0.250000 
910   3738  1.000000 
12   3738  1.000000 
1019   671  0.333000 
1019   690  0.667000 
366   3729  1.000000 
610   3729  1.000000 
548   889  1.000000 
547   6038  1.000000 
968   690  1.000000 
1165   671  1.000000 
936   3728  1.000000 
137   3729  1.000000 
1228   3729  1.000000 
10   670  1.000000 
30   3729  1.000000 
373   670  1.000000 
932   6038  1.000000 
897   690  1.000000 
586   889  1.000000 
456   3729  1.000000 
1434   3738  0.500000 
1434   3729  0.500000 
1414   670  1.000000 
256   670  1.000000 
1332   670  1.000000 
934   1460  0.500000 
934   1687  0.500000 
1058   671  1.000000 
750   671  1.000000 
858   690  1.000000 
804   671  1.000000 
906   3729  1.000000 
616   4995  0.333000 
616   3729  0.667000 
419   3729  1.000000 
447   17248  1.000000 
1218   3738  0.200000 
1218   3729  0.800000 
641   889  1.000000 
1041   671  1.000000 
1411   3348  1.000000 
856   889  1.000000 
694   6038  1.000000 
1204   669  1.000000 
615   3729  0.500000 
615   3738  0.250000 
109   3729  0.667000 
109   3738  0.333000 
1318   3729  1.000000 
594   3729  1.000000 
42   3729  1.000000 
761   3729  1.000000 
956   690  1.000000 
617   6038  1.000000 
1260   3729  1.000000 
513   3729  1.000000 
1215   690  1.000000 
493   3738  1.000000 
441   670  1.000000 
1297   670  1.000000 
1030   690  1.000000 
1412   3738  0.250000 
1412   3729  0.750000 
940   3728  1.000000 
41   3729  1.000000 
1327   3729  0.750000 
654   17074  1.000000 
378   1830  1.000000 
392   3729  0.800000 
1061   671  1.000000 
748   889  1.000000 
463   667  1.000000 
1335   3729  0.750000 
1218   690  1.000000 
498   3729  1.000000 
400   3729  0.800000 
555   6038  1.000000 
941   889  1.000000 
783   6038  1.000000 
121   3729  1.000000 
1280   3348  1.000000 
501   3729  1.000000 
514   24715  1.000000 
995   690  1.000000 
1130   671  1.000000 
1110   669  1.000000 
297   3729  0.800000 
1426   691  1.000000 
1214   1506  1.000000 
838   17074  1.000000 
1239   690  1.000000 
799   889  1.000000 
834   3729  1.000000 
135   3729  1.000000 
805   6038  1.000000 
1167   1104  1.000000 
45   3729  1.000000 
883   671  0.500000 
883   690  0.500000 
724   671  1.000000 
1272   4995  0.200000 
1272   3729  0.800000 
718   3729  1.000000 
665   889  1.000000 
434   2029  1.000000 
1134   3729  1.000000 
563   3729  1.000000 
1144   670  1.000000 
670   6038  1.000000 
695   690  1.000000 
838   6038  1.000000 
702   6038  1.000000 
972   690  0.667000 
972   671  0.333000 
636   889  1.000000 
1330   3729  1.000000 
673   671  1.000000 
1182   671  1.000000 
1303   670  1.000000 
675   3729  1.000000 
304   3729  0.750000 
1302   3729  1.000000 
540   3738  0.200000 
540   3729  0.800000 
993   6038  1.000000 
911   3738  1.000000 
78   670  1.000000 
1034   17215  1.000000 
845   3729  1.000000 
715   3729  1.000000 
475   1129  1.000000 
905   690  0.500000 
905   671  0.500000 
179   670  1.000000 
679   6038  1.000000 
757   6038  1.000000 
342   667  1.000000 
1043   6038  1.000000 
702   3729  1.000000 
608   3729  1.000000 
146   3729  1.000000 
444   670  1.000000 
769   3729  1.000000 
404   670  1.000000 
1385   4509  1.000000 
35   3729  1.000000 
370   670  1.000000 
808   1733  1.000000 
1251   3738  1.000000 
500   3738  1.000000 
1317   670  1.000000 
1361   670  1.000000 
1044   6038  1.000000 
909   6038  1.000000 
319   3729  0.800000 
1351   670  1.000000 
550   6038  1.000000 
528   3729  1.000000 
96   3729  0.750000 
1112   3729  1.000000 
1263   3348  1.000000 
490   3738  0.200000 
490   3729  0.800000 
648   690  1.000000 
1374   3729  1.000000 
503   3729  1.000000 
857   690  0.500000 
857   669  0.500000 
1233   690  1.000000 
780   3729  0.667000 
1167   690  1.000000 
705   690  1.000000 
394   3729  0.800000 
1414   3729  1.000000 
1399   3738  0.500000 
1399   3729  0.500000 
66   670  1.000000 
1308   670  1.000000 
15   3729  1.000000 
997   690  1.000000 
1119   1836  1.000000 
75   670  1.000000 
795   6038  1.000000 
1072   635  1.000000 
402   3729  0.800000 
1166   671  1.000000 
329   669  0.333000 
329   670  0.667000 
303   3729  0.750000 
734   889  1.000000 
485   3729  1.000000 
116   670  1.000000 
284   3729  1.000000 
9   3729  1.000000 
624   4995  0.200000 
624   3729  0.600000 
176   670  1.000000 
1071   690  0.250000 
1071   671  0.750000 
412   1858  1.000000 
1097   3335  1.000000 
519   3738  1.000000 
1314   670  1.000000 
991   671  0.667000 
991   690  0.333000 
1247   671  1.000000 
1230   690  1.000000 
993   690  1.000000 
335   667  1.000000 
786   6038  1.000000 
108   3738  0.250000 
108   3729  0.750000 
88   3729  0.750000 
1091   5270  1.000000 
873   6038  1.000000 
327   3729  0.800000 
327   3737  0.200000 
172   3729  1.000000 
137   670  0.667000 
632   3729  1.000000 
559   6038  1.000000 
1293   3729  1.000000 
887   6038  1.000000 
919   670  1.000000 
183   670  1.000000 
630   3729  1.000000 
412   3729  0.800000 
782   6038  1.000000 
1246   691  1.000000 
1049   6038  1.000000 
929   671  1.000000 
478   659  1.000000 
27   670  0.500000 
27   3738  0.500000 
1002   671  1.000000 
343   3729  1.000000 
54   670  1.000000 
850   669  1.000000 
103   3738  1.000000 
1174   671  1.000000 
1099   1537  1.000000 
458   3729  1.000000 
562   3738  0.200000 
562   3729  0.800000 
1064   671  0.750000 
1064   690  0.250000 
376   3729  1.000000 
1221   3738  0.333000 
1221   3729  0.667000 
1349   670  1.000000 
1188   3729  1.000000 
306   3729  0.750000 
860   671  1.000000 
670   671  1.000000 
373   1900  1.000000 
1018   6038  1.000000 
955   1460  0.500000 
955   1687  0.500000 
646   889  1.000000 
1071   690  0.250000 
1071   671  0.750000 
656   3729  1.000000 
854   690  1.000000 
1300   670  1.000000 
777   6038  1.000000 
1086   1861  1.000000 
310   3729  0.750000 
1121   690  1.000000 
745   3729  1.000000 
106   3738  1.000000 
890   6038  1.000000 
389   1841  1.000000 
237   670  1.000000 
383   3729  1.000000 
1073   635  1.000000 
259   670  1.000000 
1419   3729  1.000000 
186   670  1.000000 
326   3729  1.000000 
128   670  1.000000 
500   3729  1.000000 
1173   670  1.000000 
979   6038  1.000000 
525   3738  1.000000 
769   671  1.000000 
161   3738  0.250000 
161   3729  0.500000 
893   671  1.000000 
749   6038  1.000000 
1353   670  1.000000 
661   17074  1.000000 
227   670  1.000000 
980   690  0.667000 
980   671  0.333000 
1352   3729  0.800000 
327   670  1.000000 
461   17220  1.000000 
1256   3729  0.800000 
189   670  0.200000 
189   3729  0.800000 
134   3729  1.000000 
1094   1075  1.000000 
940   671  1.000000 
807   889  1.000000 
84   3729  0.750000 
63   670  0.667000 
63   3738  0.333000 
408   3729  0.800000 
1347   670  1.000000 
898   671  0.500000 
898   690  0.500000 
1103   1462  1.000000 
690   690  1.000000 
545   3729  0.800000 
545   3738  0.200000 
1048   6038  1.000000 
309   670  1.000000 
1107   671  1.000000 
564   889  1.000000 
1295   670  1.000000 
558   3729  0.800000 
558   3738  0.200000 
1243   3729  1.000000 
922   889  1.000000 
839   1460  1.000000 
233   670  1.000000 
812   3729  1.000000 
1137   671  1.000000 
1392   3738  0.167000 
1392   3729  0.833000 
1193   3738  0.200000 
1193   3729  0.800000 
355   1514  1.000000 
1373   3729  1.000000 
1116   671  1.000000 
672   671  1.000000 
867   690  0.667000 
867   671  0.333000 
1258   3729  0.800000 
985   690  0.667000 
985   671  0.333000 
341   667  1.000000 
978   690  1.000000 
173   670  1.000000 
991   671  1.000000 
560   3729  0.750000 
846   889  1.000000 
73   670  1.000000 
1251   691  1.000000 
700   889  1.000000 
735   6038  1.000000 
643   889  1.000000 
971   690  0.500000 
971   671  0.500000 
1359   670  1.000000 
285   670  1.000000 
773   671  0.500000 
64   670  1.000000 
1145   1507  1.000000 
1155   690  1.000000 
407   3729  1.000000 
471   3729  1.000000 
897   17074  1.000000 
946   17074  1.000000 
948   1460  1.000000 
1017   889  1.000000 
953   1717  1.000000 
915   889  1.000000 
771   17074  1.000000 
1117   1056  1.000000 
431   3729  1.000000 
836   690  1.000000 
1422   3738  1.000000 
454   667  1.000000 
881   671  1.000000 
720   690  1.000000 
1408   3711  1.000000 
1062   1947  1.000000 
645   6038  1.000000 
864   889  1.000000 
1405   3738  1.000000 
998   690  1.000000 
79   3729  1.000000 
677   3729  1.000000 
982   671  0.333000 
982   690  0.667000 
781   889  1.000000 
109   3729  0.667000 
109   3738  0.333000 
777   690  1.000000 
579   6038  1.000000 
599   3729  0.800000 
264   670  0.500000 
1216   3729  1.000000 
446   17248  1.000000 
1013   6038  1.000000 
286   3729  1.000000 
386   670  1.000000 
1175   3729  0.800000 
729   3729  1.000000 
562   6038  1.000000 
1147   1507  1.000000 
1146   3729  1.000000 
443   670  0.200000 
443   3738  0.200000 
443   3729  0.600000 
1079   690  0.500000 
1079   671  0.500000 
344   670  1.000000 
1408   3729  1.000000 
505   889  1.000000 
1388   3729  1.000000 
347   670  1.000000 
1434   3729  1.000000 
556   3729  1.000000 
1423   3729  1.000000 
738   3729  1.000000 
705   6038  1.000000 
821   690  1.000000 
1088   690  0.500000 
1088   671  0.500000 
123   670  0.667000 
467   667  1.000000 
1050   6038  1.000000 
382   3729  1.000000 
1090   5270  1.000000 
107   3738  1.000000 
952   1460  1.000000 
980   671  1.000000 
301   3738  1.000000 
881   6038  1.000000 
759   17074  1.000000 
332   669  1.000000 
789   690  1.000000 
1389   3729  1.000000 
381   1832  1.000000 
70   3729  0.333000 
70   670  0.333000 
439   670  1.000000 
1345   3738  1.000000 
574   6038  1.000000 
1369   3738  1.000000 
911   671  1.000000 
161   670  1.000000 
986   6038  1.000000 
838   690  1.000000 
1119   3729  1.000000 
1101   1933  1.000000 
880   671  0.667000 
880   690  0.333000 
87   670  1.000000 
604   17074  1.000000 
269   3729  1.000000 
82   3729  0.750000 
827   1733  1.000000 
1286   3348  1.000000 
1003   690  1.000000 
587   3738  1.000000 
899   669  0.500000 
899   671  0.500000 
1107   671  1.000000 
874   6038  1.000000 
1194   3738  0.250000 
1194   3729  0.750000 
520   3738  1.000000 
853   3729  1.000000 
1207   669  1.000000 
109   670  1.000000 
658   17074  1.000000 
606   3729  1.000000 
1298   670  1.000000 
1365   3729  1.000000 
941   1717  1.000000 
53   3729  1.000000 
542   6038  1.000000 
516   889  1.000000 
1163   690  0.500000 
1163   671  0.500000 
1296   3348  1.000000 
180   3729  1.000000 
1082   1865  1.000000 
1141   670  1.000000 
607   3729  1.000000 
765   671  1.000000 
973   17074  1.000000 
945   1717  1.000000 
176   3729  1.000000 
983   690  1.000000 
347   3729  1.000000 
719   3729  1.000000 
477   3729  1.000000 
194   670  1.000000 
854   889  1.000000 
921   669  1.000000 
491   3247  1.000000 
833   3729  1.000000 
1041   17062  1.000000 
666   6038  1.000000 
421   1861  1.000000 
1413   3729  0.500000 
1413   3738  0.500000 
553   3738  0.200000 
553   3729  0.800000 
1044   690  0.250000 
1044   671  0.750000 
12   3729  1.000000 
933   1460  1.000000 
917   6038  1.000000 
153   3729  1.000000 
1126   3729  0.500000 
1126   4995  0.500000 
7   3738  1.000000 
762   889  1.000000 
470   17216  1.000000 
826   3729  1.000000 
809   17074  1.000000 
988   690  1.000000 
1081   671  0.333000 
1081   690  0.667000 
313   3729  0.750000 
716   3729  1.000000 
846   3729  1.000000 
916   889  1.000000 
761   671  1.000000 
958   690  1.000000 
993   17074  1.000000 
355   670  1.000000 
626   670  1.000000 
163   670  1.000000 
394   3729  0.800000 
568   6038  1.000000 
143   3729  1.000000 
1254   3738  1.000000 
1056   671  0.750000 
1056   690  0.250000 
71   3738  0.250000 
71   670  0.750000 
642   6038  1.000000 
832   690  1.000000 
1091   670  1.000000 
902   3729  1.000000 
738   889  1.000000 
728   3729  1.000000 
1137   3729  1.000000 
904   671  1.000000 
409   3729  1.000000 
782   671  1.000000 
1086   671  1.000000 
1056   6038  1.000000 
1336   670  1.000000 
585   3729  1.000000 
882   671  0.667000 
882   690  0.333000 
1420   670  1.000000 
1350   3729  0.800000 
132   670  1.000000 
807   671  1.000000 
1369   4509  1.000000 
629   889  1.000000 
608   6038  1.000000 
105   3729  1.000000 
554   6038  1.000000 
851   3729  1.000000 
400   670  1.000000 
980   17074  1.000000 
678   671  1.000000 
868   690  0.500000 
868   671  0.500000 
238   3729  1.000000 
1257   671  1.000000 
4   1537  1.000000 
1249   671  1.000000 
838   3729  1.000000 
816   1733  1.000000 
717   671  1.000000 
749   671  1.000000 
431   6772  1.000000 
1427   691  1.000000 
558   6038  1.000000 
263   3729  1.000000 
1144   671  1.000000 
973   671  0.333000 
973   690  0.667000 
831   1733  1.000000 
854   669  1.000000 
668   671  1.000000 
659   17074  1.000000 
438   670  1.000000 
853   669  0.500000 
853   671  0.500000 
416   3729  0.800000 
618   3729  1.000000 
1183   3738  1.000000 
159   3729  0.750000 
849   889  1.000000 
1097   5248  1.000000 
1273   4995  1.000000 
567   6038  1.000000 
489   3729  1.000000 
807   1733  1.000000 
1393   3729  1.000000 
369   1825  1.000000 
1110   1452  1.000000 
1209   669  1.000000 
932   3728  1.000000 
888   6038  1.000000 
899   3729  1.000000 
338   670  1.000000 
822   1733  1.000000 
39   3738  1.000000 
1181   3729  1.000000 
203   3729  1.000000 
313   670  1.000000 
687   6038  1.000000 
46   670  1.000000 
822   3729  1.000000 
1129   1826  1.000000 
557   3729  1.000000 
356   1515  1.000000 
1042   671  1.000000 
523   3738  1.000000 
484   3729  1.000000 
748   671  1.000000 
867   6038  1.000000 
370   1825  1.000000 
754   3729  1.000000 
940   1687  0.500000 
940   1460  0.500000 
991   671  0.667000 
991   690  0.333000 
1021   690  0.667000 
1021   671  0.333000 
61   3729  1.000000 
803   17074  1.000000 
298   670  1.000000 
432   670  1.000000 
832   3729  1.000000 
266   670  1.000000 
1132   667  1.000000 
815   889  1.000000 
1085   1861  1.000000 
691   3729  1.000000 
956   690  1.000000 
785   17074  1.000000 
422   670  1.000000 
336   670  1.000000 
1169   3729  0.667000 
1364   3729  1.000000 
636   3729  1.000000 
436   3729  1.000000 
832   6038  1.000000 
205   3729  1.000000 
1115   670  1.000000 
744   671  1.000000 
503   637  1.000000 
175   3729  1.000000 
1137   669  0.500000 
1137   671  0.500000 
1148   1515  1.000000 
196   670  1.000000 
385   670  1.000000 
816   3729  1.000000 
911   690  1.000000 
773   671  0.500000 
660   671  1.000000 
1068   635  1.000000 
118   670  1.000000 
792   889  1.000000 
56   3729  1.000000 
308   3729  0.750000 
798   6038  1.000000 
315   3729  0.800000 
368   670  1.000000 
723   671  1.000000 
1377   3729  1.000000 
1123   671  1.000000 
1414   3738  1.000000 
1182   3729  0.750000 
1182   3738  0.250000 
786   889  1.000000 
314   3729  1.000000 
452   670  1.000000 
925   6038  1.000000 
1067   690  0.667000 
1067   671  0.333000 
922   690  0.667000 
922   671  0.333000 
69   670  0.500000 
69   3729  0.500000 
876   671  1.000000 
820   1733  1.000000 
495   3729  1.000000 
389   670  1.000000 
442   670  1.000000 
1431   3729  0.750000 
1431   3738  0.250000 
1397   3738  0.167000 
1397   3729  0.833000 
582   3729  0.800000 
582   3738  0.200000 
1066   6036  1.000000 
452   667  1.000000 
417   1861  1.000000 
36   670  1.000000 
1111   671  1.000000 
1047   671  1.000000 
1075   1939  1.000000 
331   3729  1.000000 
833   690  1.000000 
1018   690  1.000000 
1127   667  1.000000 
596   3729  1.000000 
1213   3729  0.800000 
828   17074  1.000000 
1021   6038  1.000000 
6   3729  0.750000 
6   4995  0.250000 
929   889  1.000000 
1072   936  1.000000 
1124   690  1.000000 
677   671  1.000000 
583   3738  1.000000 
1324   670  1.000000 
1009   890  1.000000 
1191   671  1.000000 
717   3729  1.000000 
445   3729  1.000000 
1116   3729  1.000000 
1060   671  0.500000 
1060   690  0.500000 
507   3729  1.000000 
1337   4509  1.000000 
975   17074  1.000000 
