1329   3738  1.000000 
689   784  0.500000 
301   3729  0.333000 
301   3738  0.667000 
745   3738  0.500000 
745   3729  0.500000 
1222   3729  1.000000 
497   3729  1.000000 
1195   3529  1.000000 
1130   3729  0.667000 
1130   3738  0.333000 
1153   2150  1.000000 
57   1507  1.000000 
831   3729  1.000000 
531   3738  0.667000 
531   3729  0.333000 
809   3729  1.000000 
732   4834  1.000000 
83   3738  1.000000 
354   784  1.000000 
862   4834  1.000000 
1078   784  1.000000 
1371   3729  1.000000 
1179   3738  0.200000 
1179   3729  0.800000 
1180   3713  1.000000 
1284   3738  1.000000 
78   3738  1.000000 
977   3729  0.750000 
283   3738  1.000000 
1012   784  1.000000 
188   3729  1.000000 
1248   1506  1.000000 
862   3729  0.667000 
862   4995  0.333000 
972   3729  1.000000 
708   3729  1.000000 
1275   3738  1.000000 
815   784  1.000000 
292   784  1.000000 
786   784  0.500000 
612   3738  1.000000 
307   3738  1.000000 
1084   3729  0.750000 
1084   3738  0.250000 
872   3729  1.000000 
286   3738  1.000000 
1299   3729  1.000000 
805   3729  1.000000 
765   732  1.000000 
352   3729  0.750000 
133   3729  1.000000 
22   4790  1.000000 
1125   3738  1.000000 
98   784  1.000000 
1100   3738  0.333000 
1100   3729  0.667000 
67   4790  1.000000 
734   4838  1.000000 
248   3729  1.000000 
1296   3729  1.000000 
270   3738  0.250000 
270   3729  0.750000 
668   3729  1.000000 
1099   3729  1.000000 
1081   3738  0.200000 
1081   3729  0.600000 
1094   3729  1.000000 
577   3729  0.333000 
577   3738  0.667000 
777   784  1.000000 
185   784  1.000000 
117   3738  1.000000 
1376   3729  1.000000 
804   3729  1.000000 
1243   685  1.000000 
321   784  1.000000 
260   3738  1.000000 
365   784  1.000000 
208   3729  1.000000 
100   784  1.000000 
1430   3729  1.000000 
725   3729  1.000000 
24   4790  1.000000 
1220   3729  0.750000 
459   784  1.000000 
429   784  1.000000 
322   3738  1.000000 
593   3738  0.667000 
593   3729  0.333000 
1147   1698  1.000000 
561   3738  0.333000 
561   3729  0.667000 
229   3729  1.000000 
371   784  1.000000 
655   2059  1.000000 
1254   3738  1.000000 
1196   3729  1.000000 
562   3738  1.000000 
455   784  1.000000 
876   784  1.000000 
338   784  1.000000 
110   3738  1.000000 
860   784  1.000000 
616   1698  1.000000 
359   3738  1.000000 
970   3738  0.500000 
277   3738  1.000000 
169   3738  0.333000 
169   3729  0.333000 
1018   3738  1.000000 
803   4834  1.000000 
551   784  1.000000 
391   3738  1.000000 
829   12249  1.000000 
867   784  1.000000 
865   4834  1.000000 
1272   3738  1.000000 
930   4834  1.000000 
678   3729  1.000000 
675   14251  1.000000 
507   3738  1.000000 
884   784  1.000000 
1284   685  1.000000 
866   784  1.000000 
22   1507  1.000000 
1236   3729  1.000000 
163   3729  0.667000 
163   3738  0.333000 
137   784  1.000000 
478   3729  1.000000 
1318   3729  1.000000 
1192   3729  0.800000 
1192   3738  0.200000 
913   23502  1.000000 
706   3738  0.500000 
706   3729  0.500000 
572   3729  1.000000 
1110   3729  1.000000 
973   4843  1.000000 
672   3738  0.250000 
672   3729  0.750000 
224   3729  1.000000 
183   3729  1.000000 
101   3729  0.667000 
374   3738  1.000000 
1211   3520  1.000000 
244   3729  0.333000 
244   3738  0.667000 
933   1093  1.000000 
423   3738  1.000000 
398   3729  1.000000 
667   3738  1.000000 
87   4790  1.000000 
432   3729  1.000000 
836   12249  1.000000 
922   3738  0.500000 
922   3729  0.500000 
285   3729  1.000000 
1314   9844  1.000000 
833   784  1.000000 
776   23501  1.000000 
914   4834  1.000000 
95   3738  1.000000 
1146   1813  1.000000 
1129   3738  0.500000 
1129   3729  0.500000 
843   784  1.000000 
1197   3738  0.200000 
1197   3729  0.800000 
978   4843  1.000000 
723   784  1.000000 
1097   1698  1.000000 
30   784  1.000000 
280   3729  1.000000 
57   784  1.000000 
1277   684  1.000000 
684   3729  0.333000 
684   3738  0.667000 
786   784  0.500000 
954   3729  1.000000 
866   4995  0.333000 
866   3729  0.667000 
638   3738  1.000000 
874   4743  1.000000 
409   3738  0.200000 
409   3729  0.800000 
1090   3729  1.000000 
687   4840  1.000000 
564   3738  0.333000 
564   3729  0.667000 
324   3729  1.000000 
634   707  1.000000 
744   4834  1.000000 
953   784  1.000000 
816   9648  1.000000 
747   3729  0.667000 
747   3738  0.333000 
824   784  1.000000 
423   784  1.000000 
557   784  1.000000 
178   784  1.000000 
1035   784  1.000000 
874   4834  1.000000 
987   4840  1.000000 
726   3729  1.000000 
669   3738  0.750000 
669   3729  0.250000 
528   3738  1.000000 
768   3729  1.000000 
894   3729  1.000000 
755   3738  1.000000 
888   23501  1.000000 
959   784  1.000000 
54   1507  1.000000 
125   784  1.000000 
953   3729  0.500000 
1004   4840  1.000000 
1008   4588  1.000000 
532   784  1.000000 
768   3729  1.000000 
818   4743  1.000000 
170   3738  1.000000 
1284   3729  0.750000 
1284   3738  0.250000 
962   1192  1.000000 
1155   3729  1.000000 
821   3774  1.000000 
781   3729  1.000000 
601   784  1.000000 
477   784  1.000000 
876   3729  1.000000 
728   4834  1.000000 
35   3738  1.000000 
674   14250  1.000000 
1340   3729  1.000000 
938   3738  1.000000 
390   784  1.000000 
883   4743  1.000000 
73   4790  1.000000 
917   4834  1.000000 
1174   3729  1.000000 
707   3729  1.000000 
1213   3521  1.000000 
584   3729  1.000000 
1105   773  1.000000 
509   784  1.000000 
890   4834  1.000000 
534   784  1.000000 
1177   3729  0.800000 
1177   3738  0.200000 
1086   1785  1.000000 
1404   3729  1.000000 
172   784  1.000000 
154   3738  0.667000 
282   3738  1.000000 
178   3729  1.000000 
561   3738  0.333000 
561   3729  0.667000 
379   784  1.000000 
85   3738  1.000000 
237   3729  1.000000 
273   3738  1.000000 
729   784  1.000000 
928   784  1.000000 
847   3729  1.000000 
991   3729  1.000000 
1013   784  1.000000 
808   3729  1.000000 
1162   3738  1.000000 
1215   1698  1.000000 
120   784  1.000000 
1111   768  1.000000 
1102   3665  1.000000 
860   4995  1.000000 
9   670  1.000000 
226   3738  1.000000 
1137   1698  1.000000 
892   3729  1.000000 
791   4834  1.000000 
631   3729  1.000000 
123   3729  0.667000 
123   3738  0.333000 
857   23501  1.000000 
1247   3738  1.000000 
358   784  1.000000 
1271   3729  1.000000 
712   3729  1.000000 
478   3738  1.000000 
683   3738  1.000000 
869   3729  1.000000 
1120   3729  0.667000 
1120   3738  0.333000 
1384   3729  1.000000 
789   4834  1.000000 
237   3729  0.250000 
237   3738  0.750000 
858   23501  1.000000 
985   784  1.000000 
1119   3738  0.500000 
1119   3729  0.500000 
1282   684  1.000000 
28   784  1.000000 
1167   3738  1.000000 
1384   685  1.000000 
683   4840  1.000000 
747   3729  1.000000 
286   784  1.000000 
780   3729  1.000000 
397   784  1.000000 
781   23501  1.000000 
649   3738  0.333000 
649   3729  0.667000 
548   784  1.000000 
469   3738  1.000000 
547   3729  1.000000 
165   3738  0.667000 
165   3729  0.333000 
808   2074  1.000000 
84   3729  1.000000 
800   1095  1.000000 
185   3738  1.000000 
167   784  1.000000 
530   3729  1.000000 
897   4834  1.000000 
1104   687  1.000000 
895   3729  1.000000 
551   3729  1.000000 
324   3738  1.000000 
514   784  1.000000 
43   1507  1.000000 
123   3738  1.000000 
32   3729  1.000000 
787   1205  1.000000 
751   3738  1.000000 
308   3738  1.000000 
841   12249  1.000000 
73   1507  1.000000 
3   784  1.000000 
159   3729  0.333000 
159   3738  0.667000 
950   3729  1.000000 
223   3738  0.800000 
223   3729  0.200000 
697   3729  0.333000 
697   3738  0.667000 
44   1507  1.000000 
1122   686  1.000000 
650   784  1.000000 
1219   3729  0.500000 
1219   3738  0.500000 
1035   3729  1.000000 
666   4776  1.000000 
834   4743  1.000000 
1274   685  1.000000 
316   3729  1.000000 
211   3729  0.667000 
211   3738  0.333000 
578   3729  0.667000 
578   3738  0.333000 
895   23501  1.000000 
1293   3738  1.000000 
1241   3738  1.000000 
440   3729  1.000000 
498   3738  0.500000 
498   3729  0.500000 
960   784  1.000000 
1259   685  1.000000 
120   3729  1.000000 
907   4834  1.000000 
1227   3738  1.000000 
1124   686  1.000000 
141   3729  1.000000 
117   3738  0.200000 
117   3729  0.800000 
176   3729  0.500000 
176   3738  0.500000 
125   3729  1.000000 
875   4743  1.000000 
116   3729  1.000000 
1241   3729  1.000000 
90   1687  1.000000 
844   3774  1.000000 
23   1507  1.000000 
307   3729  1.000000 
849   4743  1.000000 
1126   3738  0.333000 
1126   3729  0.667000 
1181   23481  1.000000 
948   1192  1.000000 
68   3738  1.000000 
1325   3738  1.000000 
676   3738  1.000000 
788   2058  1.000000 
1346   9844  1.000000 
825   3729  1.000000 
909   4834  1.000000 
616   3738  1.000000 
351   3738  1.000000 
1368   3738  1.000000 
686   4840  1.000000 
203   3738  0.667000 
203   3729  0.333000 
493   3729  1.000000 
1303   5265  1.000000 
330   3738  1.000000 
197   3738  1.000000 
838   784  1.000000 
994   3729  1.000000 
765   784  1.000000 
609   3729  1.000000 
1020   3729  0.750000 
1020   3738  0.250000 
235   3729  1.000000 
272   3738  1.000000 
686   3729  1.000000 
594   670  0.250000 
594   3729  0.750000 
677   16658  1.000000 
223   784  1.000000 
6   784  1.000000 
785   784  1.000000 
863   23502  1.000000 
1144   3729  1.000000 
952   3738  1.000000 
266   784  1.000000 
419   784  1.000000 
785   2056  1.000000 
1150   3729  1.000000 
963   3729  1.000000 
891   4777  1.000000 
848   4834  1.000000 
4   669  1.000000 
522   3729  1.000000 
78   1507  1.000000 
292   3729  1.000000 
685   3729  1.000000 
396   3729  1.000000 
278   3738  1.000000 
1070   784  1.000000 
892   1192  1.000000 
630   784  1.000000 
383   3738  0.500000 
1115   765  1.000000 
735   3738  1.000000 
1235   994  1.000000 
274   3729  1.000000 
528   784  1.000000 
865   3729  1.000000 
1239   3738  1.000000 
1017   3729  0.600000 
1017   3738  0.200000 
646   3729  0.250000 
646   3738  0.750000 
510   3729  1.000000 
1061   784  1.000000 
893   2074  1.000000 
1289   684  1.000000 
970   1192  1.000000 
1363   3738  1.000000 
1080   3729  1.000000 
316   784  1.000000 
159   784  1.000000 
721   4843  1.000000 
60   3729  1.000000 
1233   3738  1.000000 
1068   784  1.000000 
879   4834  1.000000 
22   3729  1.000000 
638   3729  1.000000 
611   3729  0.667000 
611   3738  0.333000 
354   3729  0.750000 
1267   3729  0.800000 
1136   3738  1.000000 
718   3738  1.000000 
938   4777  1.000000 
882   3729  1.000000 
147   3655  1.000000 
846   784  1.000000 
591   3729  0.250000 
591   3738  0.750000 
1241   574  1.000000 
470   3738  1.000000 
323   3729  0.800000 
570   784  1.000000 
239   3738  0.667000 
239   3729  0.333000 
448   3738  1.000000 
13   4790  1.000000 
552   784  1.000000 
1436   3729  1.000000 
441   784  1.000000 
152   784  1.000000 
132   3729  1.000000 
63   3738  1.000000 
995   3729  1.000000 
1074   3738  1.000000 
486   784  1.000000 
563   1506  1.000000 
561   784  1.000000 
415   3738  1.000000 
1321   3738  1.000000 
538   3729  0.750000 
538   3738  0.250000 
525   784  1.000000 
504   3729  1.000000 
1216   1698  1.000000 
227   3729  1.000000 
969   784  1.000000 
889   3729  1.000000 
769   23501  1.000000 
501   3729  1.000000 
253   784  1.000000 
1230   685  1.000000 
754   784  1.000000 
1079   784  1.000000 
1007   4839  1.000000 
30   3729  1.000000 
658   784  1.000000 
462   3729  1.000000 
1226   3738  1.000000 
535   3729  1.000000 
89   3738  1.000000 
605   3729  1.000000 
1288   685  1.000000 
820   12249  1.000000 
986   3729  0.600000 
986   3738  0.200000 
986   4995  0.200000 
142   3738  0.750000 
985   3729  1.000000 
1290   3738  1.000000 
858   4995  1.000000 
55   1507  1.000000 
579   3738  1.000000 
906   3729  1.000000 
1206   3729  1.000000 
634   3738  1.000000 
752   3738  1.000000 
290   3738  1.000000 
216   784  1.000000 
1323   685  1.000000 
93   784  1.000000 
499   3729  1.000000 
712   1679  1.000000 
1120   3729  0.667000 
1120   3738  0.333000 
473   3738  1.000000 
353   784  1.000000 
140   784  1.000000 
433   3738  1.000000 
979   4843  1.000000 
1285   3729  1.000000 
149   784  1.000000 
237   3729  0.250000 
237   3738  0.750000 
1100   777  1.000000 
284   3738  1.000000 
1354   3738  1.000000 
251   3729  0.333000 
251   3738  0.667000 
421   784  1.000000 
691   4840  1.000000 
343   3738  1.000000 
166   3738  1.000000 
726   4838  1.000000 
262   3729  1.000000 
458   3738  1.000000 
1073   3729  1.000000 
1341   3729  1.000000 
939   3729  1.000000 
497   784  1.000000 
106   3729  1.000000 
1253   1537  1.000000 
857   3729  1.000000 
422   3729  1.000000 
301   3729  1.000000 
220   3729  1.000000 
47   4790  1.000000 
1133   3729  0.750000 
1133   3738  0.250000 
1261   3738  1.000000 
666   3729  1.000000 
1172   3729  1.000000 
1296   685  1.000000 
1322   685  1.000000 
1050   784  1.000000 
1096   667  1.000000 
219   3738  1.000000 
190   3738  1.000000 
544   3738  1.000000 
1330   3738  1.000000 
854   23501  1.000000 
45   3729  1.000000 
241   784  1.000000 
3   4790  1.000000 
97   784  1.000000 
1152   2150  1.000000 
938   23501  1.000000 
106   669  1.000000 
699   4840  1.000000 
852   4743  1.000000 
1076   3729  1.000000 
14   4790  1.000000 
91   1687  1.000000 
272   784  1.000000 
756   3738  1.000000 
428   3738  1.000000 
77   4790  1.000000 
934   23501  1.000000 
304   3729  0.750000 
304   3738  0.250000 
580   3738  1.000000 
127   4790  1.000000 
1096   781  1.000000 
67   784  1.000000 
1090   3738  1.000000 
55   3738  1.000000 
2   4790  1.000000 
506   3738  0.200000 
506   3729  0.800000 
1297   3729  1.000000 
1121   3738  0.500000 
1121   3729  0.500000 
767   784  1.000000 
137   3729  1.000000 
464   3729  1.000000 
1205   1698  1.000000 
321   3729  1.000000 
783   784  0.500000 
1374   3738  1.000000 
56   1507  1.000000 
608   3729  1.000000 
1282   3738  1.000000 
555   784  1.000000 
769   3729  1.000000 
427   3729  1.000000 
305   3738  0.500000 
399   3738  0.500000 
1249   3738  1.000000 
1103   686  1.000000 
1203   685  1.000000 
672   784  1.000000 
1259   3738  1.000000 
936   23501  1.000000 
511   3738  1.000000 
546   3738  1.000000 
767   3738  1.000000 
946   3729  1.000000 
52   1507  1.000000 
319   3729  1.000000 
663   1195  1.000000 
425   3729  1.000000 
270   784  1.000000 
855   4834  1.000000 
419   3738  1.000000 
105   784  1.000000 
384   3729  1.000000 
758   3738  1.000000 
963   3738  1.000000 
810   23501  1.000000 
560   784  1.000000 
248   784  1.000000 
768   4834  1.000000 
1286   685  1.000000 
586   784  1.000000 
821   4743  1.000000 
858   4834  1.000000 
1142   1698  1.000000 
1157   686  1.000000 
69   1507  1.000000 
188   784  1.000000 
991   3729  1.000000 
844   4743  1.000000 
161   784  1.000000 
1358   3738  1.000000 
335   3738  1.000000 
1184   3738  0.250000 
1184   3729  0.750000 
1099   3662  1.000000 
910   23502  1.000000 
1332   3729  1.000000 
1262   685  1.000000 
1094   1698  1.000000 
592   3729  1.000000 
434   3738  0.500000 
434   3729  0.500000 
329   784  1.000000 
737   3729  1.000000 
871   4995  1.000000 
140   3738  0.750000 
1185   9844  1.000000 
5   669  1.000000 
865   4779  1.000000 
89   784  1.000000 
94   3729  1.000000 
352   3738  1.000000 
826   784  1.000000 
229   3738  1.000000 
31   3738  1.000000 
1403   3729  1.000000 
154   3729  0.667000 
154   3738  0.333000 
19   3729  1.000000 
250   784  1.000000 
327   3729  1.000000 
1262   3738  0.167000 
1262   3729  0.833000 
627   2584  1.000000 
648   3738  1.000000 
218   3738  1.000000 
531   3738  0.667000 
531   3729  0.333000 
957   784  0.500000 
1399   3729  1.000000 
1371   3738  1.000000 
48   784  1.000000 
945   23499  1.000000 
929   23501  1.000000 
113   4790  1.000000 
1285   685  1.000000 
909   3729  1.000000 
540   3738  0.667000 
540   3729  0.333000 
1200   9844  1.000000 
172   3729  1.000000 
1175   3738  1.000000 
342   3738  0.200000 
342   3729  0.600000 
600   3738  1.000000 
1263   3738  0.500000 
1291   3729  0.500000 
1380   9844  1.000000 
1015   784  1.000000 
808   23501  1.000000 
772   3729  1.000000 
878   23501  1.000000 
386   784  1.000000 
645   3729  0.667000 
645   3738  0.333000 
232   784  1.000000 
1150   3729  1.000000 
835   4777  1.000000 
880   4777  1.000000 
1234   685  1.000000 
871   3729  1.000000 
764   1091  1.000000 
296   3729  0.750000 
296   3738  0.250000 
1100   3738  0.333000 
1100   3729  0.667000 
1119   3738  0.500000 
1119   3729  0.500000 
922   1192  1.000000 
1161   3738  1.000000 
796   2066  1.000000 
205   3729  0.333000 
205   3738  0.667000 
745   3738  0.500000 
745   3729  0.500000 
193   3738  0.200000 
193   3729  0.600000 
1307   9844  1.000000 
971   4777  1.000000 
775   1711  1.000000 
830   3729  1.000000 
700   784  1.000000 
1366   684  1.000000 
781   4834  1.000000 
532   3729  1.000000 
1206   3738  1.000000 
722   3738  1.000000 
1091   667  1.000000 
880   3729  1.000000 
41   1507  1.000000 
801   3350  1.000000 
1385   3729  1.000000 
902   4834  1.000000 
415   3729  1.000000 
726   3738  1.000000 
1209   3522  1.000000 
312   3729  1.000000 
919   4777  1.000000 
280   784  1.000000 
1256   3729  1.000000 
189   3729  1.000000 
884   4777  1.000000 
134   3729  1.000000 
264   784  1.000000 
158   3738  0.333000 
158   3729  0.667000 
631   3738  1.000000 
277   3729  1.000000 
1220   3517  1.000000 
537   3738  1.000000 
103   3729  1.000000 
80   1507  1.000000 
1244   3729  1.000000 
1032   784  1.000000 
633   3738  1.000000 
93   1687  1.000000 
955   3729  1.000000 
1277   3729  1.000000 
794   1199  1.000000 
676   3738  0.250000 
676   3729  0.750000 
1243   3729  1.000000 
1228   3738  1.000000 
987   3729  1.000000 
900   23501  1.000000 
673   14250  1.000000 
408   784  1.000000 
672   3738  1.000000 
884   23501  1.000000 
1187   3533  1.000000 
1195   3729  0.500000 
1195   3738  0.250000 
916   3738  1.000000 
964   14251  1.000000 
953   3738  1.000000 
1345   9844  1.000000 
1104   686  1.000000 
58   1507  1.000000 
247   784  1.000000 
792   4834  1.000000 
101   690  1.000000 
953   4777  1.000000 
1239   685  1.000000 
695   784  1.000000 
8   3729  1.000000 
200   3738  1.000000 
1179   3738  0.200000 
1179   3729  0.800000 
1190   3729  0.800000 
1190   3738  0.200000 
84   784  1.000000 
811   23501  1.000000 
918   23502  1.000000 
233   784  1.000000 
102   3738  1.000000 
857   784  1.000000 
1234   993  1.000000 
763   4834  1.000000 
747   4838  1.000000 
997   3729  1.000000 
754   4834  1.000000 
1069   784  1.000000 
136   4790  1.000000 
774   3729  1.000000 
491   3738  1.000000 
2   784  1.000000 
638   1808  1.000000 
1390   670  1.000000 
232   3738  1.000000 
789   3729  1.000000 
1178   685  1.000000 
703   3729  1.000000 
1179   9844  1.000000 
1092   3729  1.000000 
1199   3738  0.200000 
1199   3729  0.800000 
1216   3520  1.000000 
671   3729  1.000000 
866   4995  0.333000 
866   3729  0.667000 
552   3738  1.000000 
24   1507  1.000000 
719   784  1.000000 
665   3738  0.750000 
665   3729  0.250000 
1002   784  1.000000 
210   784  1.000000 
1065   3729  1.000000 
9   784  1.000000 
852   4834  1.000000 
922   3738  0.500000 
922   3729  0.500000 
450   784  1.000000 
971   3729  1.000000 
1267   3738  1.000000 
31   1507  1.000000 
1140   686  1.000000 
1257   3738  1.000000 
77   3729  1.000000 
8   670  1.000000 
619   3729  1.000000 
704   4840  1.000000 
475   3729  1.000000 
377   3738  1.000000 
1177   3729  0.800000 
1177   3738  0.200000 
118   3738  1.000000 
819   4743  1.000000 
1262   3738  0.167000 
1262   3729  0.833000 
1037   784  1.000000 
165   3738  0.667000 
165   3729  0.333000 
399   3729  1.000000 
607   3729  1.000000 
364   3738  1.000000 
163   3738  0.667000 
914   23502  1.000000 
1117   762  1.000000 
738   4834  1.000000 
968   784  1.000000 
1294   3738  1.000000 
1408   3729  1.000000 
735   4838  1.000000 
712   784  1.000000 
715   784  1.000000 
1434   3729  1.000000 
3   3729  1.000000 
1423   3729  1.000000 
738   3729  0.667000 
738   3738  0.333000 
526   3738  1.000000 
205   784  1.000000 
685   784  1.000000 
1168   1698  1.000000 
382   3729  1.000000 
840   4743  1.000000 
1184   3738  1.000000 
747   784  1.000000 
473   784  1.000000 
833   12249  1.000000 
709   784  1.000000 
1004   784  0.500000 
151   3738  1.000000 
801   784  1.000000 
761   2150  1.000000 
1139   1503  1.000000 
570   3729  1.000000 
86   784  1.000000 
882   23501  1.000000 
1247   667  1.000000 
144   3738  0.667000 
932   3729  1.000000 
1255   3729  0.800000 
168   784  1.000000 
897   784  1.000000 
63   3690  1.000000 
1142   3729  1.000000 
1182   3729  0.800000 
1182   3738  0.200000 
789   784  1.000000 
248   3738  1.000000 
642   3729  0.250000 
642   3738  0.750000 
246   3729  1.000000 
1113   766  1.000000 
165   3729  1.000000 
733   784  1.000000 
438   3738  1.000000 
318   784  1.000000 
1333   3738  1.000000 
1276   685  1.000000 
505   3729  0.500000 
505   3738  0.500000 
788   23502  1.000000 
256   3729  1.000000 
1279   3729  1.000000 
225   3729  1.000000 
132   3738  1.000000 
926   3729  1.000000 
717   784  1.000000 
1365   3729  1.000000 
418   3729  1.000000 
372   3729  1.000000 
994   3738  1.000000 
938   3729  1.000000 
1266   9844  1.000000 
1354   9844  1.000000 
9   4790  1.000000 
378   3729  1.000000 
115   784  1.000000 
454   784  1.000000 
1431   3729  1.000000 
958   1192  1.000000 
57   4790  1.000000 
508   3729  1.000000 
262   3738  1.000000 
146   3655  1.000000 
1326   3738  1.000000 
886   3729  1.000000 
771   784  1.000000 
256   3738  1.000000 
19   1507  1.000000 
961   1192  1.000000 
334   3729  0.800000 
258   3738  1.000000 
209   3738  1.000000 
732   3729  0.667000 
732   3738  0.333000 
199   784  1.000000 
599   784  1.000000 
626   3738  1.000000 
883   23501  1.000000 
1350   5265  1.000000 
540   784  1.000000 
942   3729  0.667000 
1218   3738  0.500000 
1218   3729  0.500000 
12   3729  1.000000 
696   784  1.000000 
1164   3738  1.000000 
1229   3738  1.000000 
742   3738  1.000000 
1372   3729  1.000000 
153   3729  1.000000 
1107   1506  1.000000 
412   3729  1.000000 
1332   9844  1.000000 
1053   3729  1.000000 
480   3729  1.000000 
879   784  1.000000 
1375   3738  1.000000 
1264   3729  0.800000 
322   3729  1.000000 
597   3738  1.000000 
1213   3738  1.000000 
973   3729  0.600000 
973   4995  0.200000 
973   3738  0.200000 
304   3729  0.500000 
304   3738  0.500000 
311   3729  1.000000 
1091   3729  1.000000 
974   784  1.000000 
1417   3729  0.500000 
1417   3738  0.500000 
143   3729  1.000000 
749   784  1.000000 
1025   3729  0.750000 
1208   3522  1.000000 
270   3738  0.250000 
270   3729  0.750000 
357   3738  1.000000 
68   3729  1.000000 
1285   3738  0.500000 
1285   3729  0.500000 
890   4777  1.000000 
1112   9844  1.000000 
1108   686  1.000000 
1267   3729  0.800000 
1137   3729  1.000000 
244   784  1.000000 
618   784  1.000000 
126   3738  1.000000 
764   4834  1.000000 
1196   3729  1.000000 
144   784  1.000000 
529   784  1.000000 
585   3729  0.667000 
585   3738  0.333000 
920   4834  1.000000 
174   3738  1.000000 
403   3729  1.000000 
407   784  1.000000 
893   23501  1.000000 
565   3738  1.000000 
664   1194  1.000000 
1298   685  1.000000 
174   3729  1.000000 
1203   3738  0.200000 
1203   3729  0.800000 
338   3729  0.800000 
32   3738  1.000000 
1106   1698  1.000000 
430   784  1.000000 
955   4777  1.000000 
838   3729  1.000000 
38   4790  1.000000 
1369   684  1.000000 
537   3729  1.000000 
1066   3729  1.000000 
354   3738  1.000000 
331   3729  1.000000 
1045   784  1.000000 
1024   784  1.000000 
1028   784  1.000000 
259   784  1.000000 
939   1506  1.000000 
628   1493  1.000000 
881   3729  1.000000 
1357   3738  1.000000 
756   784  1.000000 
972   4777  1.000000 
618   3729  1.000000 
1183   3738  1.000000 
638   784  1.000000 
496   3738  1.000000 
845   4777  1.000000 
215   3738  1.000000 
997   784  1.000000 
730   3729  1.000000 
72   3738  1.000000 
312   3738  1.000000 
760   3738  1.000000 
801   23501  1.000000 
1150   1698  1.000000 
25   4790  1.000000 
914   1192  1.000000 
1212   1698  1.000000 
168   3729  1.000000 
232   3729  1.000000 
345   3729  1.000000 
39   3738  0.500000 
39   3729  0.500000 
303   3738  1.000000 
974   4995  1.000000 
769   706  1.000000 
816   4834  1.000000 
760   4834  1.000000 
822   3729  1.000000 
737   4834  1.000000 
1205   3729  1.000000 
266   3729  0.800000 
668   4778  1.000000 
1204   686  1.000000 
383   784  1.000000 
746   4834  1.000000 
559   2150  1.000000 
1148   3729  1.000000 
181   784  1.000000 
514   3729  1.000000 
99   3738  1.000000 
670   3738  1.000000 
164   784  1.000000 
147   784  1.000000 
184   784  1.000000 
691   3729  1.000000 
896   2074  1.000000 
918   4995  1.000000 
1054   784  1.000000 
302   3729  0.750000 
636   784  1.000000 
694   1076  0.250000 
694   3729  0.750000 
436   3729  1.000000 
865   3729  1.000000 
319   3738  1.000000 
205   3729  1.000000 
1011   3729  0.667000 
1154   3729  0.750000 
1154   3738  0.250000 
175   3729  1.000000 
551   3738  1.000000 
1126   1179  1.000000 
385   3738  1.000000 
870   3729  0.667000 
870   4995  0.333000 
892   23501  1.000000 
222   3729  0.500000 
222   3738  0.500000 
1325   685  1.000000 
947   1192  1.000000 
652   3738  0.500000 
652   3729  0.500000 
236   784  1.000000 
56   3729  1.000000 
308   3729  1.000000 
521   784  1.000000 
330   3729  1.000000 
1250   1506  1.000000 
231   784  1.000000 
850   3729  1.000000 
131   3738  1.000000 
640   715  1.000000 
835   12249  1.000000 
1238   997  1.000000 
216   3738  1.000000 
52   3729  1.000000 
1110   769  1.000000 
728   3738  1.000000 
1340   3738  1.000000 
404   3738  1.000000 
353   3729  1.000000 
606   3738  1.000000 
241   3729  1.000000 
892   3729  1.000000 
495   3729  1.000000 
604   3738  1.000000 
697   784  1.000000 
1175   3729  1.000000 
721   3738  1.000000 
207   3738  0.250000 
207   3729  0.750000 
348   3738  1.000000 
888   784  1.000000 
382   784  1.000000 
680   4840  1.000000 
771   23501  1.000000 
38   3738  1.000000 
701   3738  1.000000 
42   1507  1.000000 
728   784  1.000000 
509   3729  1.000000 
399   3738  0.500000 
596   3729  1.000000 
1167   1698  1.000000 
157   784  1.000000 
6   3729  1.000000 
182   3729  0.800000 
937   784  1.000000 
583   3738  1.000000 
127   784  1.000000 
724   3738  1.000000 
476   3738  1.000000 
799   4834  1.000000 
182   3729  0.800000 
445   3729  1.000000 
869   4834  1.000000 
25   3729  1.000000 
1287   685  1.000000 
1037   3729  1.000000 
