706   562  0.800000 
706   564  0.200000 
1149   1535  1.000000 
1380   2248  1.000000 
493   1695  1.000000 
1034   694  1.000000 
1079   669  1.000000 
1368   7707  1.000000 
962   564  1.000000 
977   562  0.857000 
1287   1535  1.000000 
1116   670  1.000000 
1171   568  1.000000 
765   562  1.000000 
588   6060  0.500000 
588   564  0.500000 
1219   2248  1.000000 
616   6060  1.000000 
1044   9761  1.000000 
1080   1695  0.500000 
1080   1535  0.500000 
1231   24603  1.000000 
589   562  0.875000 
589   6060  0.125000 
1282   1695  0.667000 
1212   7707  1.000000 
1385   661  1.000000 
842   562  1.000000 
1005   2042  1.000000 
466   1535  1.000000 
473   1535  1.000000 
939   6060  1.000000 
1176   5253  1.000000 
757   6060  1.000000 
509   562  0.800000 
568   6060  0.667000 
568   564  0.167000 
1062   1695  1.000000 
816   564  0.500000 
816   565  0.500000 
726   562  0.500000 
726   564  0.500000 
1069   24603  1.000000 
857   562  1.000000 
535   562  1.000000 
1313   2248  1.000000 
1063   568  0.500000 
1063   1019  0.500000 
1113   1535  1.000000 
713   24603  1.000000 
704   564  0.100000 
704   562  0.800000 
1102   1535  1.000000 
858   21469  1.000000 
520   562  1.000000 
1379   659  1.000000 
1232   1535  0.500000 
1232   1695  0.500000 
599   6060  0.500000 
484   1535  1.000000 
839   1910  0.167000 
839   562  0.833000 
580   6060  0.167000 
580   562  0.833000 
1145   24603  1.000000 
1205   1535  0.667000 
1205   1695  0.333000 
926   564  0.200000 
926   6060  0.800000 
684   6060  1.000000 
1426   2248  1.000000 
988   2042  1.000000 
1117   1535  1.000000 
891   2042  1.000000 
976   2042  1.000000 
800   21469  1.000000 
577   562  1.000000 
997   24603  1.000000 
1182   2248  1.000000 
780   564  1.000000 
480   665  0.200000 
480   667  0.800000 
597   6060  1.000000 
568   564  0.667000 
568   6060  0.333000 
845   24603  1.000000 
630   562  1.000000 
823   24603  1.000000 
746   6060  1.000000 
1072   6060  1.000000 
1274   1535  1.000000 
1011   562  0.800000 
881   565  1.000000 
522   24603  1.000000 
1170   6035  1.000000 
753   24603  1.000000 
854   2042  1.000000 
1227   1695  1.000000 
1413   7707  1.000000 
1107   1695  0.857000 
1107   1535  0.143000 
611   562  1.000000 
1080   665  1.000000 
961   562  0.500000 
961   6060  0.500000 
1377   24603  1.000000 
993   6060  0.333000 
993   564  0.333000 
993   565  0.333000 
1194   1695  1.000000 
1111   667  0.500000 
1111   1815  0.500000 
1032   564  0.333000 
1032   6060  0.667000 
809   24603  1.000000 
1157   1005  1.000000 
743   564  0.667000 
743   562  0.333000 
809   6060  1.000000 
1010   564  1.000000 
1289   1535  1.000000 
898   6060  0.333000 
898   564  0.667000 
877   562  0.889000 
877   6060  0.111000 
498   1695  1.000000 
1281   1535  1.000000 
1418   24603  1.000000 
776   564  0.500000 
776   6060  0.500000 
635   564  1.000000 
930   6060  1.000000 
1055   562  1.000000 
483   700  1.000000 
859   562  1.000000 
1128   1695  1.000000 
923   6060  0.500000 
923   565  0.333000 
1064   568  0.250000 
1064   562  0.500000 
1064   566  0.250000 
749   566  1.000000 
1177   24620  1.000000 
680   24603  1.000000 
652   24991  1.000000 
489   1018  1.000000 
622   565  0.250000 
622   6060  0.750000 
564   6060  0.500000 
564   564  0.500000 
458   5253  1.000000 
1391   7707  1.000000 
797   24603  1.000000 
903   2042  1.000000 
871   21469  1.000000 
867   6060  1.000000 
1042   572  1.000000 
1241   1695  0.833000 
748   566  1.000000 
1059   1695  1.000000 
848   6060  0.500000 
848   564  0.500000 
1064   562  1.000000 
850   2042  1.000000 
597   24603  1.000000 
965   564  1.000000 
591   6060  0.667000 
1258   1535  0.143000 
1258   1695  0.857000 
1199   24603  1.000000 
741   24864  1.000000 
643   6060  0.500000 
643   565  0.500000 
602   564  1.000000 
594   562  0.625000 
960   564  0.250000 
960   6060  0.750000 
957   2042  1.000000 
1309   1695  1.000000 
600   24603  1.000000 
1420   7707  1.000000 
739   6060  0.125000 
739   562  0.875000 
1086   564  1.000000 
864   2042  1.000000 
743   24603  1.000000 
1142   2248  1.000000 
580   6060  1.000000 
1225   1535  1.000000 
1063   568  0.500000 
1063   1019  0.500000 
501   562  0.750000 
1393   691  1.000000 
1091   562  1.000000 
1233   1535  1.000000 
843   24603  1.000000 
1382   7707  1.000000 
1102   687  1.000000 
1270   24603  1.000000 
1245   1695  0.667000 
1293   24603  1.000000 
815   6060  1.000000 
647   21468  1.000000 
494   7113  1.000000 
819   564  0.500000 
819   6060  0.500000 
609   6060  1.000000 
957   564  0.400000 
957   6060  0.600000 
695   6063  1.000000 
732   24603  1.000000 
1316   7707  1.000000 
662   24603  1.000000 
824   21469  1.000000 
852   24603  1.000000 
519   562  0.833000 
519   6060  0.167000 
1155   24603  1.000000 
798   21469  1.000000 
612   564  1.000000 
1000   2042  1.000000 
1296   1535  0.500000 
1296   1695  0.500000 
476   667  0.333000 
476   1695  0.667000 
1378   1106  1.000000 
739   564  0.500000 
739   562  0.500000 
817   6060  1.000000 
691   6060  0.250000 
691   562  0.750000 
968   564  1.000000 
1144   1535  0.400000 
1144   1695  0.600000 
920   6060  0.500000 
920   565  0.500000 
941   562  1.000000 
1221   1535  0.125000 
1221   1695  0.875000 
558   564  1.000000 
652   20297  1.000000 
955   2042  1.000000 
571   564  1.000000 
1077   1914  0.500000 
1077   999  0.500000 
979   565  1.000000 
753   24864  1.000000 
982   24603  1.000000 
901   24603  1.000000 
1017   24603  1.000000 
1175   2248  1.000000 
1000   564  1.000000 
482   691  1.000000 
659   24603  1.000000 
921   565  0.125000 
921   6060  0.625000 
921   562  0.125000 
652   565  1.000000 
913   9761  1.000000 
1221   2248  1.000000 
958   6060  1.000000 
1206   7707  1.000000 
455   1695  1.000000 
1112   2248  1.000000 
818   24603  1.000000 
639   564  1.000000 
1255   1535  0.333000 
1255   1695  0.667000 
469   1695  1.000000 
1147   2248  1.000000 
1081   667  1.000000 
1133   1005  1.000000 
543   6060  1.000000 
1013   563  0.500000 
1013   565  0.500000 
994   562  0.875000 
1039   2042  1.000000 
1120   24603  1.000000 
789   562  1.000000 
1081   667  1.000000 
771   24603  1.000000 
975   6060  0.500000 
975   565  0.500000 
879   24603  1.000000 
1127   1535  1.000000 
1066   1695  1.000000 
690   6060  1.000000 
1286   1535  1.000000 
1012   564  0.250000 
1012   6060  0.750000 
1035   564  1.000000 
1337   636  1.000000 
884   564  1.000000 
1284   1695  0.800000 
1284   1535  0.200000 
941   562  1.000000 
678   565  1.000000 
1398   1695  0.500000 
1398   667  0.500000 
1199   1535  0.143000 
1199   1695  0.857000 
630   6060  1.000000 
921   565  0.125000 
921   6060  0.625000 
921   562  0.125000 
1150   1535  0.750000 
1150   1695  0.250000 
767   6060  1.000000 
1124   667  0.500000 
1066   6060  1.000000 
650   21468  1.000000 
745   24864  1.000000 
682   24603  0.500000 
682   9764  0.500000 
901   564  0.400000 
901   6060  0.600000 
489   999  0.500000 
489   1018  0.500000 
1039   6060  1.000000 
1261   1535  1.000000 
969   562  1.000000 
885   6060  0.222000 
885   562  0.778000 
649   6060  1.000000 
648   6060  1.000000 
1100   7707  1.000000 
1277   1695  1.000000 
530   1019  0.125000 
530   562  0.875000 
518   999  1.000000 
865   24603  1.000000 
1347   2824  1.000000 
1118   1005  1.000000 
1104   1462  1.000000 
793   24603  1.000000 
781   6060  1.000000 
1067   1674  1.000000 
581   562  1.000000 
465   1695  0.500000 
1052   24603  1.000000 
495   7113  1.000000 
1044   24603  1.000000 
599   564  1.000000 
1065   1674  1.000000 
985   562  1.000000 
489   1736  1.000000 
674   564  1.000000 
1196   1695  0.833000 
1196   1535  0.167000 
1030   564  0.667000 
583   564  1.000000 
875   6060  1.000000 
905   6060  0.500000 
905   564  0.375000 
1206   1535  0.667000 
1206   1695  0.333000 
1280   1695  0.667000 
656   562  1.000000 
533   6060  1.000000 
972   564  0.143000 
972   562  0.857000 
1081   667  1.000000 
1229   7707  1.000000 
519   562  0.833000 
519   6060  0.167000 
1333   6035  1.000000 
653   564  0.333000 
653   6060  0.667000 
667   24603  1.000000 
534   24603  1.000000 
1085   747  1.000000 
794   6060  1.000000 
524   568  1.000000 
497   1736  1.000000 
1230   24603  1.000000 
672   564  0.333000 
672   565  0.667000 
657   565  0.500000 
657   564  0.500000 
594   6060  1.000000 
618   6060  0.667000 
618   564  0.333000 
625   21469  1.000000 
669   24992  1.000000 
761   562  0.500000 
761   564  0.500000 
620   6060  0.125000 
620   562  0.875000 
911   565  0.500000 
911   562  0.500000 
886   21469  1.000000 
1207   1695  1.000000 
851   565  0.500000 
851   6060  0.500000 
774   564  1.000000 
1063   4943  1.000000 
833   562  0.875000 
833   6060  0.125000 
801   562  0.333000 
801   564  0.333000 
801   6060  0.333000 
478   667  1.000000 
1063   6060  1.000000 
1053   2042  1.000000 
1036   24603  1.000000 
670   562  1.000000 
823   6060  1.000000 
1083   3728  1.000000 
1046   6060  1.000000 
529   568  0.500000 
529   562  0.500000 
974   565  1.000000 
854   21469  1.000000 
1269   2248  1.000000 
1338   687  1.000000 
681   6060  1.000000 
1099   2248  1.000000 
549   565  1.000000 
628   24603  1.000000 
691   6060  0.333000 
691   562  0.333000 
691   564  0.333000 
583   565  1.000000 
615   562  1.000000 
744   562  1.000000 
1028   24603  1.000000 
1072   24603  1.000000 
1391   666  1.000000 
1251   2248  1.000000 
578   562  1.000000 
918   6060  1.000000 
845   6060  1.000000 
860   564  0.500000 
860   6060  0.500000 
1122   667  1.000000 
1375   1127  1.000000 
1108   562  1.000000 
608   565  0.500000 
608   564  0.500000 
1110   2248  1.000000 
879   565  1.000000 
694   562  0.500000 
694   564  0.500000 
799   564  0.500000 
799   6060  0.500000 
959   6060  1.000000 
496   669  1.000000 
579   24603  1.000000 
995   562  1.000000 
1231   7707  1.000000 
566   564  0.375000 
566   6060  0.625000 
556   24603  1.000000 
654   6060  1.000000 
1206   1535  0.667000 
1206   1695  0.333000 
839   24603  1.000000 
762   24864  1.000000 
994   2042  1.000000 
1005   6060  0.500000 
1005   564  0.500000 
881   2042  1.000000 
1332   16497  0.500000 
1332   635  0.500000 
858   564  0.500000 
858   6060  0.500000 
486   1679  1.000000 
1100   24603  1.000000 
1224   1695  1.000000 
1173   2248  1.000000 
1267   24603  1.000000 
868   2042  1.000000 
1062   4943  1.000000 
537   562  1.000000 
1123   1005  1.000000 
1040   6060  1.000000 
725   5841  0.250000 
725   564  0.750000 
1071   1685  1.000000 
1234   24603  1.000000 
955   562  1.000000 
1188   2248  1.000000 
923   6060  0.500000 
923   565  0.333000 
645   565  1.000000 
1109   7707  1.000000 
996   562  0.875000 
1070   1695  1.000000 
1014   6060  1.000000 
1163   2248  1.000000 
476   699  0.333000 
476   1535  0.333000 
476   585  0.333000 
1224   1535  1.000000 
1058   564  1.000000 
833   564  0.250000 
833   6060  0.750000 
681   564  1.000000 
762   562  0.333000 
762   6060  0.667000 
1022   24603  1.000000 
633   21469  1.000000 
667   6060  1.000000 
817   562  1.000000 
1334   635  1.000000 
1398   24603  1.000000 
1192   1535  0.167000 
1192   1695  0.833000 
1009   562  0.714000 
1009   6060  0.143000 
476   747  0.500000 
476   585  0.500000 
989   24603  1.000000 
911   6060  0.500000 
911   564  0.500000 
825   6060  1.000000 
764   564  0.667000 
764   565  0.333000 
1187   24603  1.000000 
474   1535  0.667000 
474   5253  0.333000 
1137   1005  1.000000 
1348   5032  1.000000 
1204   7707  1.000000 
1000   562  0.875000 
583   563  1.000000 
840   2042  1.000000 
1240   1535  1.000000 
1148   1005  1.000000 
495   1736  1.000000 
537   24603  1.000000 
791   24603  1.000000 
1027   24603  1.000000 
865   9761  1.000000 
592   562  0.857000 
1233   15528  1.000000 
1173   1218  1.000000 
832   562  1.000000 
1081   1695  1.000000 
864   562  0.333000 
864   564  0.333000 
864   6060  0.333000 
1013   6060  1.000000 
713   16464  1.000000 
588   565  1.000000 
1280   1535  0.667000 
1280   1695  0.333000 
1066   562  0.500000 
1066   568  0.500000 
1268   1535  1.000000 
1275   1695  1.000000 
986   6060  0.667000 
986   564  0.333000 
583   6060  1.000000 
450   1695  1.000000 
1386   7707  1.000000 
1350   1695  1.000000 
1250   1695  1.000000 
1179   1535  1.000000 
883   24603  1.000000 
495   1695  0.750000 
495   1535  0.250000 
1102   562  1.000000 
497   1695  0.250000 
497   1535  0.500000 
516   6060  1.000000 
887   564  0.333000 
887   6060  0.667000 
1248   1695  0.500000 
1248   1535  0.250000 
1216   24603  1.000000 
502   1010  1.000000 
763   24864  1.000000 
520   999  1.000000 
1398   1695  0.500000 
1398   667  0.500000 
792   562  1.000000 
834   2042  1.000000 
907   2042  1.000000 
1084   1699  1.000000 
898   562  0.857000 
1167   1695  1.000000 
653   562  0.875000 
469   1535  0.500000 
469   747  0.250000 
469   1695  0.250000 
843   563  0.250000 
843   6060  0.750000 
1143   24603  1.000000 
1037   562  0.857000 
1037   566  0.143000 
1054   562  1.000000 
1002   6060  0.125000 
1002   562  0.625000 
467   1535  0.400000 
467   747  0.200000 
467   1695  0.200000 
721   564  0.500000 
721   5841  0.500000 
811   24603  1.000000 
976   562  1.000000 
1209   24603  1.000000 
602   6060  1.000000 
1148   2821  1.000000 
888   6060  1.000000 
1132   1695  1.000000 
1002   24603  1.000000 
484   999  1.000000 
1145   1005  1.000000 
1120   1005  1.000000 
1383   24603  1.000000 
1137   1457  1.000000 
953   562  1.000000 
596   562  0.857000 
1115   1005  1.000000 
1150   24603  1.000000 
1381   24603  1.000000 
929   9761  1.000000 
1204   1695  0.500000 
1204   1535  0.500000 
1422   2248  1.000000 
935   24603  1.000000 
1102   693  1.000000 
1361   2248  1.000000 
1350   644  0.500000 
1350   3245  0.500000 
1141   1535  1.000000 
1060   24603  1.000000 
1153   2248  1.000000 
774   24603  1.000000 
1104   691  1.000000 
876   24603  1.000000 
901   6060  0.200000 
901   562  0.800000 
502   747  1.000000 
1126   1535  0.667000 
1126   747  0.333000 
787   24603  1.000000 
925   565  0.125000 
925   562  0.125000 
925   564  0.125000 
925   6060  0.500000 
1081   1695  1.000000 
1342   2248  1.000000 
1327   2248  1.000000 
1079   1695  1.000000 
1115   1535  1.000000 
850   24603  1.000000 
1009   562  0.714000 
1009   6060  0.143000 
545   24603  1.000000 
518   562  1.000000 
682   24603  0.500000 
682   9764  0.500000 
995   2042  1.000000 
1186   1535  0.667000 
1186   1695  0.333000 
911   24603  0.500000 
911   9761  0.500000 
1075   562  1.000000 
700   562  1.000000 
658   562  1.000000 
629   24603  1.000000 
1159   1005  1.000000 
498   1535  0.500000 
501   699  1.000000 
1056   24603  1.000000 
1051   564  0.667000 
1051   6060  0.333000 
708   563  1.000000 
1192   1535  0.167000 
1192   1695  0.833000 
586   6060  1.000000 
1102   7707  1.000000 
949   24603  1.000000 
1100   1535  0.286000 
1100   1695  0.714000 
923   24603  1.000000 
646   6060  1.000000 
1248   2248  1.000000 
847   562  1.000000 
871   24603  1.000000 
685   565  1.000000 
782   24603  1.000000 
966   564  1.000000 
1223   1695  1.000000 
1033   24603  1.000000 
932   24603  1.000000 
1290   1695  0.800000 
684   9764  1.000000 
1179   2248  1.000000 
732   564  0.200000 
732   562  0.800000 
1124   1535  0.143000 
1124   1695  0.857000 
1024   2042  1.000000 
962   24603  1.000000 
1361   1695  1.000000 
1408   7707  1.000000 
740   564  1.000000 
821   564  0.500000 
821   6060  0.500000 
950   562  1.000000 
735   6060  0.250000 
735   562  0.250000 
735   564  0.500000 
1140   1535  1.000000 
677   9764  1.000000 
1172   2248  1.000000 
509   573  1.000000 
685   9763  1.000000 
613   562  1.000000 
1089   1695  1.000000 
737   6060  0.143000 
737   562  0.857000 
1026   2042  1.000000 
1312   24603  1.000000 
924   6060  0.667000 
924   565  0.333000 
526   568  1.000000 
972   6060  0.667000 
972   562  0.333000 
645   6060  1.000000 
1249   2248  1.000000 
1323   24603  1.000000 
800   24603  1.000000 
651   562  0.857000 
950   2042  1.000000 
935   2042  1.000000 
1287   1535  0.250000 
1287   1695  0.750000 
1357   2818  1.000000 
1210   24603  1.000000 
944   24603  0.500000 
944   9761  0.500000 
1069   6776  1.000000 
729   562  0.500000 
1298   2248  1.000000 
1212   1535  0.200000 
1212   1695  0.800000 
644   562  1.000000 
678   9764  1.000000 
675   562  1.000000 
1296   24603  1.000000 
1084   562  1.000000 
1049   564  1.000000 
1348   24603  1.000000 
1228   24603  1.000000 
1232   1837  1.000000 
849   564  0.333000 
849   6060  0.667000 
1012   564  1.000000 
763   6060  1.000000 
654   24603  1.000000 
913   564  0.500000 
913   6060  0.250000 
1139   1748  1.000000 
509   692  1.000000 
1431   24603  1.000000 
680   9764  1.000000 
937   6060  0.800000 
937   564  0.200000 
1375   7707  1.000000 
449   1695  1.000000 
663   6060  0.500000 
663   564  0.500000 
1282   7707  1.000000 
1096   24603  1.000000 
909   564  0.286000 
909   6060  0.571000 
1203   24603  1.000000 
1067   999  1.000000 
859   565  0.250000 
859   564  0.250000 
859   6060  0.500000 
1123   1695  1.000000 
745   24603  1.000000 
1056   568  1.000000 
650   6060  0.750000 
650   564  0.250000 
1145   1695  0.167000 
1145   1535  0.833000 
603   24603  1.000000 
574   6060  0.500000 
574   564  0.500000 
1294   7707  1.000000 
733   562  0.200000 
733   564  0.800000 
758   6060  0.667000 
758   565  0.333000 
1100   1535  0.286000 
1100   1695  0.714000 
1089   24603  1.000000 
1136   657  1.000000 
1304   1695  1.000000 
1378   2248  1.000000 
1044   1010  1.000000 
1091   7707  1.000000 
1303   1695  0.800000 
1303   1535  0.200000 
1033   567  1.000000 
691   6060  0.333000 
691   562  0.333000 
691   564  0.333000 
906   6060  0.667000 
906   564  0.333000 
806   6060  1.000000 
1094   564  1.000000 
847   21469  1.000000 
1319   7707  1.000000 
897   562  1.000000 
1144   650  1.000000 
1165   2248  1.000000 
968   24603  1.000000 
754   24864  1.000000 
582   562  1.000000 
499   691  1.000000 
1093   686  1.000000 
785   24603  1.000000 
1007   2042  1.000000 
814   9761  1.000000 
815   21469  1.000000 
1300   5253  1.000000 
1004   6060  1.000000 
683   9764  1.000000 
623   6060  1.000000 
981   562  0.857000 
1077   664  1.000000 
1272   1695  0.600000 
659   565  0.500000 
659   564  0.500000 
955   564  0.167000 
955   6060  0.833000 
866   24603  1.000000 
522   568  1.000000 
538   24603  1.000000 
806   562  1.000000 
658   21217  1.000000 
881   24603  1.000000 
1156   24603  1.000000 
928   562  1.000000 
1220   24603  1.000000 
1184   24603  1.000000 
909   564  0.286000 
909   6060  0.571000 
856   21469  1.000000 
896   2042  1.000000 
1083   7707  1.000000 
1160   635  0.500000 
1160   6035  0.500000 
503   571  1.000000 
1251   24603  1.000000 
1077   24603  1.000000 
750   24603  1.000000 
1085   24603  0.500000 
1024   562  1.000000 
1416   2248  1.000000 
864   562  1.000000 
593   564  0.125000 
593   562  0.875000 
1192   3238  1.000000 
507   562  0.750000 
797   21469  1.000000 
1068   999  1.000000 
519   567  1.000000 
1090   562  1.000000 
518   24603  1.000000 
549   24603  0.500000 
874   21469  1.000000 
927   562  1.000000 
735   24603  1.000000 
946   564  0.400000 
946   6060  0.600000 
1138   1695  1.000000 
804   562  1.000000 
1366   1049  1.000000 
1046   1020  1.000000 
1144   1535  1.000000 
735   24864  1.000000 
462   1736  1.000000 
694   562  0.714000 
694   6060  0.286000 
1135   2248  1.000000 
974   565  0.500000 
974   564  0.500000 
1089   563  1.000000 
1254   24603  1.000000 
1119   1695  1.000000 
498   1535  1.000000 
1038   564  0.500000 
1038   6060  0.500000 
632   562  1.000000 
1054   564  0.500000 
1054   6060  0.500000 
465   1695  0.333000 
465   1535  0.333000 
1300   2248  1.000000 
868   6060  0.500000 
1120   1535  1.000000 
1148   24603  1.000000 
758   24603  1.000000 
1125   667  1.000000 
705   564  1.000000 
1222   2248  1.000000 
1069   571  1.000000 
928   562  0.167000 
928   6060  0.500000 
928   565  0.167000 
1197   1535  0.750000 
1197   1695  0.250000 
531   562  1.000000 
729   564  0.667000 
729   562  0.167000 
729   5841  0.167000 
996   6060  0.333000 
996   565  0.333000 
996   564  0.333000 
558   24603  0.500000 
666   565  1.000000 
1192   2248  1.000000 
893   21469  1.000000 
1069   1018  1.000000 
1087   671  1.000000 
1211   7707  1.000000 
912   564  0.375000 
912   6060  0.625000 
770   564  0.500000 
770   6060  0.500000 
1290   1535  1.000000 
1019   564  0.500000 
1019   6060  0.500000 
1048   562  1.000000 
604   2042  1.000000 
586   24603  1.000000 
539   562  1.000000 
1241   2248  1.000000 
671   6060  1.000000 
752   1910  0.125000 
752   562  0.875000 
599   565  1.000000 
929   565  0.500000 
929   6060  0.500000 
1027   564  1.000000 
951   562  0.500000 
951   6060  0.500000 
1098   2248  1.000000 
845   565  1.000000 
573   565  1.000000 
1332   16497  0.500000 
1332   635  0.500000 
1073   691  1.000000 
741   562  0.250000 
741   564  0.750000 
556   564  1.000000 
1088   747  0.667000 
1088   1535  0.333000 
1212   24603  1.000000 
541   564  1.000000 
563   562  0.800000 
563   6060  0.200000 
721   564  0.143000 
721   6060  0.143000 
721   562  0.714000 
1012   564  0.250000 
1012   6060  0.750000 
959   24603  1.000000 
495   562  1.000000 
500   562  1.000000 
1178   24603  1.000000 
735   562  1.000000 
475   747  0.400000 
475   1695  0.200000 
475   1535  0.200000 
507   667  1.000000 
1200   7707  1.000000 
1295   24603  1.000000 
759   564  1.000000 
870   21469  1.000000 
475   747  0.400000 
475   1695  0.200000 
475   1535  0.200000 
896   562  1.000000 
524   562  1.000000 
796   24864  1.000000 
753   562  1.000000 
939   24603  1.000000 
575   564  1.000000 
907   564  0.750000 
907   6060  0.250000 
715   24603  1.000000 
1068   1695  1.000000 
464   1695  0.667000 
464   1535  0.333000 
1393   2248  1.000000 
568   562  0.750000 
568   6060  0.250000 
1163   1535  0.750000 
1163   1695  0.250000 
960   564  1.000000 
1266   2248  1.000000 
746   24864  1.000000 
1334   671  1.000000 
1174   1535  1.000000 
1059   24603  1.000000 
1081   687  1.000000 
775   562  1.000000 
800   562  1.000000 
688   565  1.000000 
1109   24603  1.000000 
710   16464  1.000000 
917   24603  1.000000 
1183   1535  0.200000 
1183   1695  0.800000 
622   2042  1.000000 
613   564  0.500000 
613   562  0.500000 
563   562  0.333000 
563   6060  0.500000 
1043   573  1.000000 
926   6060  0.500000 
926   565  0.500000 
1285   1695  1.000000 
1187   2248  1.000000 
797   564  1.000000 
499   562  0.667000 
499   1019  0.333000 
1069   562  1.000000 
1265   2248  1.000000 
1112   1695  0.857000 
554   24603  1.000000 
952   6060  0.750000 
952   564  0.250000 
1122   1535  0.667000 
1122   1695  0.333000 
590   6060  1.000000 
775   24864  1.000000 
625   6060  1.000000 
492   699  1.000000 
1095   564  1.000000 
1100   562  1.000000 
1164   1535  0.200000 
1164   1695  0.800000 
1191   24603  1.000000 
517   1674  1.000000 
894   24603  1.000000 
1348   642  1.000000 
732   564  0.200000 
732   562  0.800000 
491   5253  0.667000 
491   1736  0.333000 
874   24603  1.000000 
1336   669  1.000000 
1065   739  0.250000 
1065   568  0.250000 
1065   562  0.500000 
679   6060  1.000000 
672   24603  0.500000 
1046   24603  1.000000 
714   562  0.900000 
714   564  0.100000 
1315   7707  1.000000 
645   562  0.857000 
835   24603  1.000000 
1121   24603  1.000000 
671   562  1.000000 
723   24865  1.000000 
747   562  0.875000 
850   6060  0.667000 
850   565  0.333000 
982   2042  1.000000 
690   6063  1.000000 
1027   562  0.875000 
1049   24603  1.000000 
1095   686  1.000000 
762   564  1.000000 
1339   687  1.000000 
1090   1535  1.000000 
497   1695  0.250000 
497   1535  0.500000 
1194   1695  1.000000 
1349   7707  1.000000 
1172   568  1.000000 
787   24864  1.000000 
654   565  1.000000 
1429   7707  1.000000 
908   6060  0.857000 
908   564  0.143000 
691   6060  0.250000 
691   562  0.750000 
1166   1535  1.000000 
681   16464  1.000000 
686   9763  0.500000 
686   24603  0.500000 
881   564  0.500000 
881   6060  0.500000 
599   6060  0.500000 
557   6060  0.600000 
557   565  0.200000 
557   564  0.200000 
505   1695  1.000000 
1002   6060  0.125000 
1002   562  0.625000 
635   6060  1.000000 
930   24603  1.000000 
666   24603  1.000000 
772   6060  0.500000 
772   564  0.500000 
607   564  0.250000 
607   6060  0.500000 
607   565  0.250000 
932   6060  1.000000 
1040   565  1.000000 
1071   1914  1.000000 
1372   2248  1.000000 
1316   1695  0.800000 
1316   1535  0.200000 
901   6060  0.200000 
901   562  0.800000 
636   21469  1.000000 
957   562  0.833000 
957   6060  0.167000 
1004   2042  1.000000 
844   562  1.000000 
559   564  0.200000 
559   6060  0.600000 
559   562  0.200000 
640   9763  1.000000 
668   562  0.875000 
862   2042  1.000000 
1096   671  1.000000 
1190   3238  1.000000 
1285   1535  0.500000 
1285   1695  0.500000 
1243   1535  0.500000 
1243   1695  0.500000 
686   565  1.000000 
486   1535  1.000000 
606   562  0.857000 
893   24603  1.000000 
974   2042  1.000000 
996   562  0.875000 
1071   1695  0.500000 
970   24603  1.000000 
910   9761  1.000000 
1405   2248  1.000000 
1259   1695  1.000000 
1074   1695  1.000000 
992   562  1.000000 
1136   1005  1.000000 
472   1535  1.000000 
1294   24603  1.000000 
968   6060  1.000000 
945   6060  1.000000 
919   6060  0.778000 
919   564  0.111000 
919   565  0.111000 
506   690  1.000000 
914   565  1.000000 
658   565  1.000000 
900   562  0.714000 
900   6060  0.143000 
771   564  1.000000 
915   562  1.000000 
1298   1695  0.750000 
1405   747  1.000000 
1244   1535  0.167000 
1244   1695  0.833000 
937   2042  1.000000 
569   24603  1.000000 
1191   2248  1.000000 
1009   565  0.333000 
1009   6060  0.667000 
1324   24622  1.000000 
884   562  0.900000 
831   24603  1.000000 
1360   1695  1.000000 
1342   24603  1.000000 
665   6060  1.000000 
1230   7707  1.000000 
543   564  1.000000 
1095   669  1.000000 
1286   1695  0.800000 
1061   1920  1.000000 
1354   7707  1.000000 
689   564  0.500000 
689   6060  0.500000 
641   2042  1.000000 
1263   5253  0.167000 
1263   1695  0.833000 
734   24864  1.000000 
877   565  1.000000 
669   24603  1.000000 
1122   1535  0.667000 
1122   1695  0.333000 
1177   1695  1.000000 
1292   2248  1.000000 
1019   564  1.000000 
730   5841  0.200000 
730   564  0.800000 
1073   1695  0.500000 
696   739  0.500000 
696   562  0.500000 
572   565  0.333000 
572   564  0.333000 
572   6060  0.333000 
781   24864  1.000000 
1191   3238  1.000000 
621   2042  1.000000 
698   6063  1.000000 
1383   7707  1.000000 
848   24603  1.000000 
943   24603  1.000000 
924   6060  0.800000 
924   565  0.200000 
1139   2248  1.000000 
1107   1462  1.000000 
1073   999  0.750000 
650   6060  0.750000 
650   564  0.250000 
1050   24603  1.000000 
925   565  0.125000 
925   562  0.125000 
925   564  0.125000 
925   6060  0.500000 
614   564  1.000000 
771   562  1.000000 
923   6060  0.500000 
923   564  0.500000 
1118   667  1.000000 
1196   1460  1.000000 
1326   1695  1.000000 
454   1695  1.000000 
525   565  0.500000 
525   6060  0.500000 
777   562  0.875000 
777   6060  0.125000 
1317   24603  1.000000 
761   24864  1.000000 
1046   24603  1.000000 
1344   1535  1.000000 
1085   747  1.000000 
1009   24603  1.000000 
1254   1535  0.200000 
1254   1695  0.800000 
884   2042  1.000000 
1072   1914  1.000000 
1237   1695  0.333000 
1237   1535  0.667000 
809   16466  1.000000 
665   565  1.000000 
760   6060  1.000000 
585   563  1.000000 
819   564  0.500000 
819   6060  0.500000 
559   564  0.200000 
559   6060  0.600000 
559   562  0.200000 
668   565  1.000000 
523   24603  1.000000 
1016   562  0.250000 
1016   6060  0.250000 
1016   565  0.250000 
892   562  1.000000 
745   565  1.000000 
1320   24603  1.000000 
901   564  0.400000 
901   6060  0.600000 
1297   1736  1.000000 
976   564  1.000000 
1060   568  0.167000 
1060   562  0.833000 
1058   568  0.500000 
1058   562  0.500000 
920   2042  1.000000 
948   6060  0.750000 
948   565  0.250000 
1366   1124  1.000000 
508   691  1.000000 
1040   24603  1.000000 
515   573  1.000000 
553   6060  1.000000 
1092   1535  1.000000 
853   21469  1.000000 
1392   2248  1.000000 
767   562  0.333000 
767   564  0.667000 
1052   564  1.000000 
1388   999  1.000000 
569   564  0.333000 
569   6060  0.667000 
1405   24603  1.000000 
1020   564  0.667000 
621   562  0.857000 
540   565  1.000000 
610   562  1.000000 
1253   1535  1.000000 
1387   996  1.000000 
648   565  1.000000 
1051   1010  1.000000 
906   6060  0.333000 
906   564  0.667000 
923   6060  0.500000 
923   564  0.500000 
604   6060  1.000000 
1023   562  0.875000 
1216   1535  0.500000 
1216   1695  0.500000 
871   562  1.000000 
532   562  1.000000 
478   1695  0.500000 
478   1535  0.500000 
1081   6060  1.000000 
489   1914  1.000000 
1098   570  1.000000 
1083   1695  1.000000 
804   6060  0.500000 
804   564  0.500000 
1282   24603  1.000000 
492   1535  1.000000 
1273   1535  1.000000 
922   6060  0.500000 
922   565  0.500000 
928   564  1.000000 
924   6060  0.800000 
924   565  0.200000 
1076   6060  1.000000 
846   565  1.000000 
979   24603  1.000000 
1146   24603  1.000000 
509   571  1.000000 
1301   1695  0.500000 
1301   5253  0.500000 
863   562  0.857000 
847   2042  1.000000 
496   581  1.000000 
729   564  0.333000 
729   5841  0.667000 
829   2042  1.000000 
1109   1535  1.000000 
1132   1535  0.667000 
1132   1695  0.333000 
759   564  1.000000 
852   564  0.500000 
852   565  0.500000 
564   6060  0.500000 
564   564  0.500000 
772   565  1.000000 
1320   2248  1.000000 
794   562  1.000000 
806   24864  1.000000 
881   564  0.500000 
881   6060  0.500000 
691   564  1.000000 
951   562  0.500000 
951   6060  0.500000 
1116   667  1.000000 
818   21469  1.000000 
779   24603  1.000000 
509   1010  1.000000 
1144   1005  1.000000 
953   6060  0.750000 
953   565  0.250000 
785   24865  1.000000 
938   565  1.000000 
1240   1695  0.833000 
1240   1535  0.167000 
701   4943  1.000000 
491   1695  0.333000 
491   1535  0.333000 
491   585  0.333000 
1309   5253  1.000000 
650   565  1.000000 
1098   669  1.000000 
963   564  0.143000 
963   6060  0.143000 
963   562  0.714000 
1034   2042  1.000000 
1239   1695  0.857000 
1039   565  1.000000 
1339   24603  1.000000 
697   562  1.000000 
1086   1535  1.000000 
940   6060  1.000000 
795   6060  1.000000 
501   1103  1.000000 
997   564  0.500000 
997   6060  0.500000 
1128   4757  0.500000 
1128   693  0.500000 
505   747  0.333000 
505   1535  0.333000 
505   585  0.333000 
1127   1695  1.000000 
996   6060  0.333000 
996   565  0.333000 
996   564  0.333000 
502   3343  1.000000 
1200   1695  1.000000 
901   2042  1.000000 
1116   1695  1.000000 
956   2042  1.000000 
1363   1695  0.750000 
1176   1535  0.750000 
1176   1695  0.250000 
573   563  1.000000 
824   6060  0.111000 
824   562  0.889000 
814   6060  0.111000 
814   562  0.889000 
740   24864  1.000000 
1082   667  1.000000 
693   564  0.500000 
693   562  0.500000 
918   564  0.143000 
918   6060  0.714000 
827   562  1.000000 
1160   1005  1.000000 
459   5253  1.000000 
1178   1535  0.667000 
1178   1695  0.333000 
962   562  0.250000 
962   6060  0.750000 
1193   690  1.000000 
947   564  0.500000 
947   6060  0.500000 
722   564  0.750000 
722   5841  0.250000 
975   6060  1.000000 
1020   2042  1.000000 
869   2042  1.000000 
959   564  0.500000 
959   565  0.500000 
926   6060  0.500000 
926   565  0.500000 
497   562  1.000000 
1323   2248  1.000000 
1160   635  0.500000 
1160   6035  0.500000 
725   6060  1.000000 
486   5253  0.500000 
486   1736  0.500000 
874   562  1.000000 
1225   24603  1.000000 
823   6060  1.000000 
961   562  0.500000 
961   6060  0.500000 
716   16465  1.000000 
1104   1535  1.000000 
846   564  0.200000 
846   6060  0.800000 
638   562  1.000000 
885   24603  1.000000 
1112   24603  1.000000 
927   565  0.167000 
927   6060  0.833000 
753   562  1.000000 
1088   747  0.667000 
1088   1535  0.333000 
1180   693  1.000000 
879   21469  1.000000 
989   565  0.333000 
989   6060  0.667000 
920   6060  0.857000 
969   2042  1.000000 
1170   1535  1.000000 
1132   2248  1.000000 
1023   6060  1.000000 
755   6060  1.000000 
924   562  1.000000 
1176   1695  1.000000 
1341   636  1.000000 
539   6060  1.000000 
969   24603  0.500000 
969   9761  0.500000 
1106   7707  1.000000 
675   6060  1.000000 
514   574  1.000000 
944   6060  1.000000 
1400   7707  1.000000 
800   24864  1.000000 
788   562  1.000000 
1349   643  1.000000 
924   6060  1.000000 
491   999  1.000000 
676   24603  1.000000 
1162   2248  1.000000 
1278   2248  1.000000 
1281   1535  0.333000 
1281   1695  0.667000 
754   24603  1.000000 
819   562  0.889000 
961   24603  1.000000 
1347   6126  1.000000 
819   24603  1.000000 
1064   571  1.000000 
574   6060  0.500000 
574   564  0.500000 
1137   1909  1.000000 
796   24603  1.000000 
690   564  0.500000 
690   6060  0.500000 
1329   24620  1.000000 
1189   670  1.000000 
678   562  1.000000 
762   24603  1.000000 
1088   564  1.000000 
1230   1535  1.000000 
699   564  1.000000 
1078   694  1.000000 
726   5841  0.250000 
726   564  0.750000 
1275   24603  1.000000 
481   667  0.750000 
481   666  0.250000 
736   562  0.250000 
736   1920  0.250000 
736   564  0.500000 
608   565  0.500000 
608   564  0.500000 
485   666  1.000000 
828   6060  1.000000 
1029   564  1.000000 
759   6060  0.143000 
759   562  0.857000 
858   6060  0.125000 
858   562  0.875000 
1106   562  1.000000 
597   564  0.500000 
597   6060  0.500000 
705   24603  1.000000 
741   568  1.000000 
1386   662  1.000000 
550   24603  1.000000 
820   21469  1.000000 
825   562  1.000000 
1222   1695  1.000000 
773   6060  1.000000 
1045   2042  1.000000 
795   564  0.333000 
795   565  0.333000 
795   6060  0.333000 
622   21468  1.000000 
776   24603  1.000000 
1291   1535  0.250000 
1291   1695  0.750000 
1290   24603  1.000000 
855   2042  1.000000 
469   1535  0.500000 
469   747  0.250000 
469   1695  0.250000 
599   562  1.000000 
527   562  1.000000 
1111   1695  1.000000 
783   6060  1.000000 
915   564  0.400000 
915   6060  0.600000 
1270   1535  0.200000 
1270   1695  0.600000 
978   6060  0.750000 
978   565  0.250000 
1337   635  1.000000 
469   747  1.000000 
1133   2248  1.000000 
1366   1695  0.667000 
826   6060  0.750000 
826   564  0.250000 
644   564  0.200000 
644   6060  0.600000 
644   562  0.200000 
936   9761  1.000000 
1165   24603  1.000000 
1085   585  1.000000 
521   6060  1.000000 
813   562  0.900000 
796   565  0.500000 
796   6060  0.500000 
525   565  0.500000 
525   6060  0.500000 
940   24603  1.000000 
1408   1535  1.000000 
737   24864  1.000000 
975   6060  0.500000 
975   565  0.500000 
1062   568  1.000000 
1335   635  0.500000 
1335   636  0.500000 
834   6060  1.000000 
1084   585  0.333000 
1084   1535  0.333000 
1084   667  0.333000 
909   564  0.667000 
909   6060  0.333000 
1248   1695  0.250000 
1248   1535  0.750000 
1146   1535  0.667000 
1146   1695  0.333000 
1129   24603  1.000000 
674   6060  1.000000 
850   21469  1.000000 
642   21469  1.000000 
1285   7707  1.000000 
1061   1695  1.000000 
457   5253  1.000000 
886   564  0.250000 
886   6060  0.750000 
795   564  0.333000 
795   565  0.333000 
795   6060  0.333000 
649   562  0.857000 
1232   1535  0.500000 
1232   1695  0.500000 
544   24603  1.000000 
905   6060  0.500000 
905   564  0.375000 
1087   687  1.000000 
623   2042  1.000000 
1353   3337  0.500000 
1353   3246  0.500000 
1090   1535  0.333000 
1090   1695  0.667000 
