356   5816  1.000000 
1353   5814  1.000000 
290   5814  1.000000 
1060   5814  0.857000 
556   22357  1.000000 
235   5814  1.000000 
937   5814  1.000000 
544   22357  1.000000 
1377   15609  1.000000 
508   22357  1.000000 
1093   5814  0.857000 
453   5889  1.000000 
797   5814  0.800000 
797   4070  0.200000 
903   5814  1.000000 
516   5815  1.000000 
830   20092  1.000000 
814   6127  1.000000 
1188   4298  1.000000 
828   20092  1.000000 
1391   5816  1.000000 
216   4071  1.000000 
356   5814  1.000000 
67   5814  1.000000 
885   5814  1.000000 
879   15618  1.000000 
777   5814  1.000000 
1169   4298  1.000000 
665   15833  1.000000 
366   5814  0.875000 
366   5816  0.125000 
823   5814  1.000000 
1161   4298  1.000000 
967   5827  1.000000 
507   5814  1.000000 
796   5816  0.167000 
796   5814  0.833000 
854   2682  1.000000 
1020   5814  0.667000 
910   2682  1.000000 
480   5814  1.000000 
555   5814  1.000000 
688   5907  1.000000 
612   5814  1.000000 
1293   5814  1.000000 
863   5814  1.000000 
870   6645  1.000000 
675   3034  1.000000 
789   3117  1.000000 
1238   4298  1.000000 
204   5814  0.875000 
525   5814  1.000000 
947   5827  1.000000 
774   17750  1.000000 
977   3117  1.000000 
74   5814  1.000000 
11   5814  1.000000 
559   22357  1.000000 
512   5815  1.000000 
888   3116  1.000000 
540   22357  1.000000 
539   5814  1.000000 
160   5814  1.000000 
622   3116  1.000000 
1388   5816  1.000000 
1022   5814  0.750000 
1022   5816  0.250000 
20   5814  1.000000 
178   5814  0.875000 
567   22357  1.000000 
969   3117  1.000000 
838   4595  1.000000 
1259   5814  1.000000 
1046   4064  1.000000 
1345   5816  0.143000 
1345   5814  0.857000 
541   5815  1.000000 
1075   4298  1.000000 
79   5814  0.875000 
945   5814  1.000000 
899   5816  1.000000 
1079   5814  0.800000 
1149   8038  1.000000 
807   22357  1.000000 
604   3116  1.000000 
515   5814  1.000000 
98   5814  1.000000 
822   3087  1.000000 
656   22357  1.000000 
834   5887  1.000000 
873   4069  1.000000 
691   5887  1.000000 
496   3116  1.000000 
1187   5814  0.857000 
899   22357  1.000000 
850   5814  1.000000 
464   5814  1.000000 
1294   5814  1.000000 
33   5814  1.000000 
895   5814  1.000000 
896   5780  1.000000 
1023   5899  1.000000 
556   15833  1.000000 
1265   5814  1.000000 
1130   4298  1.000000 
847   4595  1.000000 
977   5827  1.000000 
993   5814  1.000000 
355   5816  1.000000 
967   3117  1.000000 
964   41325  1.000000 
593   17750  1.000000 
852   6643  1.000000 
1049   5815  1.000000 
1354   5816  1.000000 
503   3116  1.000000 
1031   4298  1.000000 
569   5814  1.000000 
740   17750  1.000000 
1059   5814  1.000000 
458   15833  1.000000 
1258   5814  1.000000 
520   5815  1.000000 
1426   5814  1.000000 
617   3116  1.000000 
374   5816  1.000000 
531   5815  1.000000 
627   5814  1.000000 
821   6104  1.000000 
1107   5814  1.000000 
291   5814  1.000000 
539   22357  1.000000 
857   6100  1.000000 
295   5814  1.000000 
762   5814  1.000000 
767   5814  1.000000 
1290   5816  0.143000 
1290   5814  0.714000 
476   3116  0.500000 
476   5859  0.500000 
961   5827  1.000000 
1049   4298  1.000000 
748   8027  1.000000 
980   5814  1.000000 
564   15833  1.000000 
1228   4298  1.000000 
909   2682  1.000000 
1034   6101  1.000000 
878   4078  1.000000 
874   5814  1.000000 
476   5814  1.000000 
684   3116  1.000000 
642   22357  1.000000 
10   5814  1.000000 
591   3116  1.000000 
578   3116  1.000000 
862   3116  1.000000 
810   5814  1.000000 
688   3116  1.000000 
1207   5814  1.000000 
749   5814  1.000000 
1382   5816  1.000000 
554   15833  1.000000 
270   5814  1.000000 
875   4078  1.000000 
843   5814  1.000000 
638   22357  1.000000 
419   6127  1.000000 
395   5814  1.000000 
1433   5814  1.000000 
619   3116  1.000000 
825   5887  1.000000 
559   22357  1.000000 
747   5814  1.000000 
969   5814  1.000000 
1200   5814  1.000000 
670   17750  1.000000 
858   3116  1.000000 
138   5814  1.000000 
1372   5814  1.000000 
848   5814  1.000000 
567   5815  1.000000 
477   3116  1.000000 
915   5814  1.000000 
654   22357  1.000000 
1014   9012  1.000000 
799   5816  1.000000 
752   5814  1.000000 
971   5827  1.000000 
918   5876  1.000000 
926   5814  1.000000 
609   22357  1.000000 
339   5814  1.000000 
868   5900  1.000000 
534   22357  1.000000 
789   5814  0.833000 
32   5814  0.875000 
921   22357  1.000000 
1001   5827  1.000000 
354   5816  1.000000 
1042   6099  1.000000 
322   5814  1.000000 
979   22357  1.000000 
607   5814  1.000000 
1341   5816  1.000000 
1105   5814  1.000000 
1350   5816  1.000000 
266   5814  1.000000 
813   6127  1.000000 
1228   5814  1.000000 
38   5814  1.000000 
1206   5814  1.000000 
823   22357  1.000000 
1438   5814  1.000000 
1153   4070  1.000000 
1379   5816  1.000000 
678   5814  1.000000 
262   5814  1.000000 
1417   5816  1.000000 
722   4081  1.000000 
577   3116  1.000000 
254   5814  1.000000 
841   5915  1.000000 
143   5814  1.000000 
1159   5814  1.000000 
671   5814  1.000000 
485   5814  1.000000 
674   5814  1.000000 
1043   5814  1.000000 
965   41325  1.000000 
499   5814  1.000000 
840   3116  1.000000 
933   5814  1.000000 
1006   3014  1.000000 
951   2682  1.000000 
796   5816  0.167000 
796   5814  0.833000 
1244   5814  1.000000 
790   5814  1.000000 
155   5814  0.875000 
1011   4042  1.000000 
853   4627  1.000000 
1331   5814  1.000000 
565   22357  1.000000 
1183   5814  1.000000 
411   5814  1.000000 
1048   4298  1.000000 
948   17829  1.000000 
909   22357  1.000000 
425   5904  1.000000 
1002   4463  1.000000 
1267   5814  1.000000 
298   5814  0.875000 
1367   5816  1.000000 
689   3049  1.000000 
1031   5814  1.000000 
893   5814  1.000000 
480   3116  1.000000 
888   5816  1.000000 
890   2682  1.000000 
403   5814  0.875000 
403   5816  0.125000 
484   17750  0.500000 
484   19022  0.500000 
561   5815  1.000000 
313   5814  0.875000 
559   5815  1.000000 
1291   5814  1.000000 
836   5814  1.000000 
1021   5896  1.000000 
1078   5814  0.833000 
1012   5825  1.000000 
456   17750  1.000000 
494   5814  1.000000 
61   5814  1.000000 
1052   4298  1.000000 
500   3116  1.000000 
695   5814  1.000000 
833   4600  1.000000 
1011   5815  1.000000 
1300   5814  1.000000 
895   5814  1.000000 
716   8028  1.000000 
1205   4298  1.000000 
514   22357  1.000000 
922   22357  1.000000 
452   12910  1.000000 
434   6104  1.000000 
627   17750  1.000000 
870   5814  0.667000 
1193   5816  1.000000 
1017   4487  1.000000 
725   4081  1.000000 
788   3117  1.000000 
754   8027  1.000000 
618   5814  1.000000 
1076   4298  1.000000 
1224   5814  0.857000 
1224   5816  0.143000 
1163   5814  0.857000 
1368   5814  1.000000 
571   22357  1.000000 
818   22357  1.000000 
643   5814  1.000000 
1204   5814  1.000000 
429   5814  1.000000 
377   5814  1.000000 
1036   6100  1.000000 
631   5814  0.833000 
192   5814  1.000000 
1363   5814  1.000000 
612   22357  1.000000 
428   6113  1.000000 
265   5814  1.000000 
549   5815  1.000000 
1142   5814  1.000000 
1392   6644  1.000000 
768   5814  1.000000 
923   5814  0.750000 
94   5814  1.000000 
640   5814  0.800000 
570   15833  1.000000 
1047   5814  1.000000 
1210   5814  1.000000 
1227   4298  1.000000 
519   5814  1.000000 
300   5814  1.000000 
599   4070  1.000000 
381   5814  1.000000 
1027   5815  1.000000 
1403   6102  1.000000 
173   5814  1.000000 
1001   5814  1.000000 
1024   6115  1.000000 
1131   5814  1.000000 
1180   5816  1.000000 
1162   5814  1.000000 
309   5814  0.875000 
712   4081  1.000000 
81   5814  1.000000 
396   5814  1.000000 
858   17979  1.000000 
555   5815  1.000000 
1003   5828  1.000000 
964   5827  1.000000 
1257   5814  1.000000 
618   17750  1.000000 
1220   4298  1.000000 
849   5814  1.000000 
725   17750  1.000000 
763   5814  1.000000 
423   5814  1.000000 
1014   6161  1.000000 
1023   5815  1.000000 
613   3116  1.000000 
680   2993  1.000000 
600   3116  1.000000 
901   5814  1.000000 
1198   4298  1.000000 
25   5814  1.000000 
19   5814  1.000000 
22   5814  1.000000 
459   22357  1.000000 
490   3116  1.000000 
655   5814  0.800000 
854   6099  1.000000 
937   5863  1.000000 
855   5814  1.000000 
964   3117  1.000000 
305   5814  0.875000 
495   5814  1.000000 
1019   5821  1.000000 
991   5827  1.000000 
1152   4298  1.000000 
508   5815  1.000000 
1304   5814  1.000000 
415   6099  1.000000 
606   17750  1.000000 
1095   5814  0.857000 
498   17750  1.000000 
743   8027  1.000000 
412   4066  1.000000 
996   3116  1.000000 
606   3116  1.000000 
1014   5814  1.000000 
884   4078  1.000000 
1367   5814  1.000000 
590   3116  1.000000 
1216   5814  0.857000 
1159   4298  1.000000 
494   17750  1.000000 
842   17829  1.000000 
866   5814  1.000000 
1185   5814  1.000000 
657   5814  0.833000 
657   4070  0.167000 
1018   6099  1.000000 
1046   5815  1.000000 
313   5814  0.875000 
849   13254  1.000000 
1127   4298  1.000000 
68   5814  1.000000 
492   5814  1.000000 
783   3117  1.000000 
1277   5814  1.000000 
777   3116  1.000000 
911   22357  1.000000 
1034   5814  0.500000 
1050   5815  1.000000 
1359   5816  0.143000 
1359   5814  0.857000 
717   5814  1.000000 
1029   5890  1.000000 
1208   5814  1.000000 
31   5814  1.000000 
1113   5814  1.000000 
1336   5814  1.000000 
1181   5814  1.000000 
663   3116  1.000000 
739   17750  1.000000 
1396   6162  1.000000 
329   5814  1.000000 
113   5814  1.000000 
893   5815  1.000000 
812   5814  1.000000 
692   5814  0.800000 
798   5816  1.000000 
511   5815  1.000000 
260   5814  0.714000 
57   5814  1.000000 
731   17750  1.000000 
826   20173  1.000000 
294   5814  0.857000 
669   15833  1.000000 
1054   5815  1.000000 
443   5814  1.000000 
856   6104  1.000000 
1132   5814  1.000000 
1064   5814  0.857000 
591   17750  1.000000 
988   5859  1.000000 
970   3117  1.000000 
1312   5814  0.857000 
1414   5814  1.000000 
842   5816  0.200000 
842   5814  0.800000 
877   4070  0.333000 
877   5814  0.667000 
352   5816  0.125000 
352   5814  0.875000 
172   5814  1.000000 
180   5814  1.000000 
53   5814  1.000000 
1194   4070  0.167000 
1194   5814  0.667000 
1285   5814  1.000000 
861   6103  0.500000 
861   6100  0.500000 
595   3116  1.000000 
976   5814  1.000000 
997   3034  1.000000 
970   5814  1.000000 
566   5815  1.000000 
1078   5816  1.000000 
1290   5816  0.143000 
1290   5814  0.714000 
893   3116  1.000000 
1057   5814  0.800000 
674   5883  1.000000 
1194   5814  1.000000 
1042   5814  1.000000 
1307   5814  0.857000 
467   2988  1.000000 
1178   5814  0.857000 
998   5816  1.000000 
990   9250  1.000000 
595   5814  1.000000 
407   5816  1.000000 
1153   5814  1.000000 
1034   5815  1.000000 
484   17750  0.500000 
484   19022  0.500000 
1379   5814  1.000000 
264   5814  1.000000 
1404   5814  1.000000 
637   3116  1.000000 
348   5814  1.000000 
1408   5816  1.000000 
1380   5816  1.000000 
155   5814  0.875000 
1009   5814  0.667000 
1416   5814  1.000000 
1374   5814  1.000000 
1332   5814  0.857000 
247   5814  1.000000 
564   5814  0.800000 
23   5814  1.000000 
824   5814  1.000000 
517   22357  0.500000 
517   17750  0.500000 
475   3116  1.000000 
716   4081  1.000000 
847   9132  1.000000 
875   3116  1.000000 
1054   5814  1.000000 
96   5814  1.000000 
1288   5814  1.000000 
469   2988  1.000000 
599   5814  1.000000 
1184   5814  0.857000 
458   3064  1.000000 
1428   5814  1.000000 
122   5814  1.000000 
1016   5815  1.000000 
137   5814  1.000000 
1163   5814  0.857000 
146   5814  1.000000 
935   5827  1.000000 
651   5814  0.800000 
705   5814  1.000000 
250   5814  1.000000 
1193   5814  1.000000 
1411   5814  1.000000 
418   6100  1.000000 
602   3116  1.000000 
895   3116  1.000000 
613   22357  1.000000 
407   5814  1.000000 
1158   4298  1.000000 
819   5814  1.000000 
870   4068  1.000000 
1352   5814  0.833000 
741   17750  1.000000 
496   17750  1.000000 
489   17750  0.500000 
489   3116  0.500000 
1187   5814  0.857000 
551   5814  1.000000 
867   4065  1.000000 
32   5814  0.875000 
594   3116  1.000000 
540   5814  1.000000 
1403   5814  0.857000 
1403   5816  0.143000 
45   5814  1.000000 
413   5816  1.000000 
1138   5814  1.000000 
450   4078  1.000000 
1045   4064  1.000000 
739   8027  1.000000 
913   5814  1.000000 
351   5814  1.000000 
1203   5814  1.000000 
938   22357  1.000000 
714   5814  0.800000 
815   22357  1.000000 
276   5814  1.000000 
661   3116  1.000000 
690   3116  1.000000 
1179   5816  0.167000 
1179   5814  0.833000 
968   20653  1.000000 
350   5814  1.000000 
998   5827  1.000000 
1330   5814  1.000000 
868   5814  0.750000 
868   5821  0.250000 
139   5814  1.000000 
1002   5814  1.000000 
1251   5814  0.857000 
435   5904  1.000000 
1180   5814  0.833000 
336   5814  1.000000 
1283   5814  1.000000 
474   3116  1.000000 
41   5814  1.000000 
937   22357  1.000000 
993   5814  0.667000 
929   5814  1.000000 
861   3116  1.000000 
723   17750  1.000000 
1406   6161  1.000000 
902   2682  1.000000 
557   5814  1.000000 
597   5814  0.800000 
719   4081  1.000000 
872   12967  1.000000 
105   5814  1.000000 
857   5814  1.000000 
820   22357  1.000000 
992   5816  1.000000 
824   4056  1.000000 
213   5814  1.000000 
1073   5814  1.000000 
883   13288  1.000000 
668   4070  1.000000 
92   5814  1.000000 
482   5814  1.000000 
968   5827  1.000000 
871   3116  1.000000 
1352   5814  0.833000 
525   5815  1.000000 
206   5814  1.000000 
839   5814  1.000000 
712   5814  0.800000 
1054   4069  1.000000 
426   6162  1.000000 
346   5814  1.000000 
1166   5814  1.000000 
838   3116  1.000000 
412   5816  0.143000 
412   5814  0.857000 
916   5822  1.000000 
1006   5814  1.000000 
879   5814  0.667000 
928   5814  0.750000 
681   2993  1.000000 
953   3117  1.000000 
495   17750  0.500000 
495   3116  0.500000 
711   6142  1.000000 
223   5814  1.000000 
687   5814  1.000000 
1078   4298  1.000000 
1168   5814  0.857000 
1281   5814  1.000000 
1399   5816  1.000000 
819   22357  1.000000 
673   5928  0.500000 
673   3116  0.500000 
889   5815  1.000000 
586   22357  1.000000 
541   5814  1.000000 
1092   5814  1.000000 
630   17750  1.000000 
1256   5814  0.857000 
1405   6100  1.000000 
216   5814  1.000000 
459   5814  0.833000 
943   3117  1.000000 
1134   5814  1.000000 
804   1061  1.000000 
337   5814  1.000000 
922   2682  1.000000 
537   22357  1.000000 
951   5827  1.000000 
1209   4298  1.000000 
366   5814  0.875000 
366   5816  0.125000 
887   8038  1.000000 
1029   5814  1.000000 
817   5887  1.000000 
763   6142  1.000000 
954   5814  1.000000 
852   4064  1.000000 
1313   5814  1.000000 
912   22357  1.000000 
437   5814  1.000000 
768   4591  1.000000 
442   5761  1.000000 
1200   5814  0.800000 
715   4081  1.000000 
379   5816  1.000000 
1000   4463  1.000000 
659   5814  0.833000 
1343   5814  1.000000 
1216   5814  0.857000 
506   5814  0.833000 
506   5815  0.167000 
759   4582  1.000000 
887   5814  0.500000 
887   5815  0.500000 
811   6100  1.000000 
491   3116  1.000000 
1061   5814  1.000000 
370   5814  1.000000 
1204   4298  1.000000 
747   17750  1.000000 
570   5815  1.000000 
918   5814  1.000000 
936   5827  1.000000 
821   5887  1.000000 
1225   5814  1.000000 
1034   5814  0.500000 
837   5909  1.000000 
847   5814  1.000000 
781   5814  0.833000 
1362   5816  1.000000 
1044   6099  1.000000 
30   5814  1.000000 
1235   4298  1.000000 
833   5814  0.800000 
627   3116  1.000000 
934   5814  0.750000 
1191   5816  1.000000 
1176   5814  0.857000 
1434   5816  0.125000 
1434   5814  0.875000 
1112   5814  1.000000 
196   5814  1.000000 
326   5814  1.000000 
1077   5816  0.167000 
1077   5814  0.833000 
821   22357  1.000000 
464   15833  1.000000 
1023   4069  1.000000 
161   5814  1.000000 
557   5815  1.000000 
803   5814  1.000000 
436   13163  1.000000 
756   8028  1.000000 
878   15618  1.000000 
856   6100  1.000000 
978   5814  1.000000 
933   22357  1.000000 
920   5814  1.000000 
1154   5814  1.000000 
847   5816  1.000000 
1229   5814  1.000000 
705   3116  1.000000 
983   5827  1.000000 
779   5814  0.833000 
836   4047  1.000000 
946   3117  1.000000 
1042   4298  1.000000 
910   5814  1.000000 
623   3116  1.000000 
794   5814  1.000000 
900   5814  1.000000 
1091   5814  0.857000 
652   3116  1.000000 
579   5814  1.000000 
382   5814  1.000000 
479   17750  1.000000 
724   5814  0.800000 
