309   6013  0.875000 
1190   6013  1.000000 
401   6013  1.000000 
676   6013  1.000000 
594   23896  0.167000 
594   6013  0.833000 
299   6013  0.750000 
1084   6001  1.000000 
823   6013  1.000000 
730   6057  1.000000 
438   6013  0.875000 
365   6013  1.000000 
973   5425  1.000000 
971   5732  1.000000 
1027   6016  0.500000 
598   5999  1.000000 
382   6013  1.000000 
611   23896  1.000000 
1201   6013  1.000000 
568   6013  1.000000 
734   6013  1.000000 
21   6013  0.857000 
1018   6069  0.667000 
878   6013  1.000000 
585   6013  0.800000 
585   23896  0.200000 
859   6013  1.000000 
958   5999  1.000000 
589   6018  1.000000 
1202   6002  0.125000 
1202   6013  0.750000 
447   23896  1.000000 
1021   6069  0.500000 
1021   6016  0.500000 
719   6013  1.000000 
763   6013  1.000000 
601   23896  1.000000 
963   6069  1.000000 
16   6013  1.000000 
320   6013  0.875000 
320   6002  0.125000 
220   6013  1.000000 
525   6013  1.000000 
1376   6013  1.000000 
612   6013  1.000000 
452   6002  1.000000 
1437   6013  0.889000 
1015   6013  1.000000 
616   6013  1.000000 
1069   6069  1.000000 
959   5355  1.000000 
1366   6013  1.000000 
779   6013  1.000000 
967   6069  1.000000 
1052   6016  1.000000 
173   6013  1.000000 
1193   5999  1.000000 
747   6013  1.000000 
765   6013  1.000000 
663   6002  1.000000 
201   6013  1.000000 
162   6013  1.000000 
694   6057  1.000000 
56   6013  1.000000 
974   5425  1.000000 
1019   6069  1.000000 
369   6013  1.000000 
1001   6071  0.143000 
1001   6069  0.857000 
689   6013  0.875000 
1002   6013  1.000000 
48   6013  1.000000 
547   6018  1.000000 
711   6013  0.875000 
537   6013  1.000000 
1155   6013  1.000000 
950   6013  1.000000 
973   4698  1.000000 
602   6072  1.000000 
619   6004  1.000000 
1136   6013  1.000000 
582   6013  0.833000 
582   6001  0.167000 
1189   6013  1.000000 
1220   6013  0.875000 
955   5732  1.000000 
757   6013  1.000000 
1394   6013  1.000000 
1034   6013  1.000000 
946   6013  1.000000 
1142   5999  1.000000 
1012   6016  1.000000 
1328   6013  1.000000 
405   6013  1.000000 
586   6013  1.000000 
1060   6069  1.000000 
1167   5999  1.000000 
391   6013  1.000000 
968   6001  1.000000 
734   6057  1.000000 
1031   6016  1.000000 
610   23896  1.000000 
1061   6013  1.000000 
476   23896  1.000000 
922   6013  1.000000 
682   6013  1.000000 
974   6069  1.000000 
1057   6013  0.857000 
729   6057  1.000000 
759   6057  1.000000 
800   6013  0.889000 
800   6003  0.111000 
1312   6013  1.000000 
963   6013  0.750000 
963   6001  0.250000 
446   23896  1.000000 
595   6018  1.000000 
519   3352  1.000000 
386   6013  1.000000 
168   6013  1.000000 
1435   6013  1.000000 
455   6013  1.000000 
881   6013  1.000000 
1370   6013  1.000000 
592   6001  1.000000 
1138   5999  1.000000 
732   6057  1.000000 
294   6013  1.000000 
1241   6014  1.000000 
1391   6013  1.000000 
581   23896  0.143000 
581   6013  0.857000 
477   6013  1.000000 
1018   6069  0.667000 
585   6000  1.000000 
1014   6000  1.000000 
627   6057  1.000000 
60   6013  1.000000 
950   6001  1.000000 
285   6013  1.000000 
207   6013  0.857000 
574   6013  1.000000 
229   6013  1.000000 
250   6013  1.000000 
999   6013  1.000000 
192   6002  1.000000 
1062   6013  1.000000 
1192   5999  1.000000 
1349   6013  1.000000 
141   6002  0.143000 
141   6013  0.857000 
446   6013  1.000000 
901   6013  1.000000 
627   6013  1.000000 
406   6013  1.000000 
321   6002  1.000000 
1137   6013  1.000000 
363   6013  0.875000 
283   6013  1.000000 
588   6013  0.833000 
588   23896  0.167000 
1236   5999  1.000000 
724   6057  1.000000 
590   5999  1.000000 
1015   6069  0.667000 
1154   5999  1.000000 
1235   5999  1.000000 
1221   5999  1.000000 
717   6057  1.000000 
1128   5425  1.000000 
819   6013  1.000000 
925   6013  1.000000 
1131   6014  1.000000 
1347   6013  1.000000 
643   5999  1.000000 
457   6013  1.000000 
188   6013  1.000000 
1132   6013  0.875000 
870   6013  1.000000 
751   6057  1.000000 
1207   6013  0.875000 
758   6002  0.125000 
758   6013  0.875000 
1415   6013  1.000000 
586   23896  1.000000 
662   23896  0.125000 
662   6013  0.875000 
660   5732  1.000000 
1316   6013  1.000000 
775   5999  1.000000 
1137   5999  1.000000 
793   6013  1.000000 
1203   6013  1.000000 
160   6013  1.000000 
681   6002  0.125000 
681   6013  0.875000 
146   6013  1.000000 
1067   6013  0.667000 
585   5425  1.000000 
541   23896  1.000000 
649   5999  1.000000 
858   6013  1.000000 
677   6013  0.875000 
677   6002  0.125000 
635   5999  1.000000 
1045   6013  1.000000 
1001   6013  1.000000 
55   6013  1.000000 
300   6013  0.833000 
311   6013  0.875000 
1113   6001  1.000000 
15   6013  1.000000 
539   6018  1.000000 
540   23896  0.167000 
540   6013  0.667000 
242   6013  1.000000 
787   6014  1.000000 
219   6013  1.000000 
975   4698  1.000000 
509   6002  0.143000 
509   6013  0.714000 
970   4698  1.000000 
704   6057  1.000000 
1074   6069  1.000000 
576   6013  1.000000 
973   5999  1.000000 
584   6013  0.800000 
318   6013  1.000000 
960   5355  1.000000 
541   6018  1.000000 
437   6013  1.000000 
626   6057  1.000000 
40   6013  1.000000 
162   6002  1.000000 
1043   6002  0.143000 
1043   6013  0.857000 
320   6013  0.875000 
320   6002  0.125000 
1011   6016  1.000000 
577   6018  1.000000 
1217   6013  0.875000 
971   6013  1.000000 
1142   6013  1.000000 
748   6057  1.000000 
451   6013  0.750000 
451   23896  0.125000 
963   6013  0.750000 
963   6001  0.250000 
1017   16750  1.000000 
602   23896  1.000000 
542   6018  1.000000 
1341   6013  1.000000 
769   6057  1.000000 
801   6013  1.000000 
629   6004  1.000000 
547   6013  1.000000 
970   6069  1.000000 
94   6013  1.000000 
439   6013  1.000000 
969   5355  1.000000 
640   5999  1.000000 
981   5999  1.000000 
1080   5353  1.000000 
735   6013  1.000000 
945   6013  0.889000 
1022   6069  1.000000 
691   6057  1.000000 
214   6013  0.857000 
4   6013  1.000000 
555   5920  1.000000 
1167   6013  1.000000 
1166   6013  1.000000 
500   6013  0.875000 
500   6001  0.125000 
882   6013  1.000000 
409   6013  0.750000 
1007   5999  0.167000 
1007   6069  0.833000 
715   6013  1.000000 
824   6013  1.000000 
122   6013  1.000000 
296   6013  1.000000 
1412   6013  1.000000 
980   6013  1.000000 
491   6013  1.000000 
807   6013  0.889000 
106   6013  1.000000 
761   6002  0.125000 
761   6013  0.875000 
1021   5999  1.000000 
1228   6013  0.875000 
969   5352  1.000000 
190   6002  1.000000 
584   6013  0.800000 
996   6013  1.000000 
70   6013  1.000000 
307   6013  1.000000 
1390   6013  1.000000 
61   6013  1.000000 
456   6002  0.125000 
456   6013  0.750000 
1063   6069  0.500000 
315   6013  1.000000 
972   5732  1.000000 
979   6057  1.000000 
622   6057  1.000000 
311   6013  0.875000 
154   6013  1.000000 
75   6013  1.000000 
1078   5354  1.000000 
1191   5999  1.000000 
326   6013  1.000000 
1301   6013  1.000000 
1037   6001  1.000000 
777   6013  1.000000 
726   6013  1.000000 
517   3352  1.000000 
528   6013  1.000000 
1409   6013  1.000000 
973   6069  0.667000 
1071   6069  0.500000 
1071   6071  0.500000 
535   6018  1.000000 
782   6013  1.000000 
673   6013  0.875000 
559   6013  1.000000 
323   6013  1.000000 
1073   6069  1.000000 
1020   6071  0.333000 
1020   6069  0.667000 
1194   5999  1.000000 
1030   6016  1.000000 
117   6013  1.000000 
1334   6013  1.000000 
1192   6013  1.000000 
182   6013  0.857000 
1132   6013  0.875000 
59   6013  0.857000 
617   6072  1.000000 
988   6013  1.000000 
1408   6013  1.000000 
119   6013  1.000000 
443   6013  1.000000 
465   6013  1.000000 
419   6013  0.857000 
485   6013  1.000000 
952   6014  0.333000 
952   6001  0.333000 
952   5425  0.333000 
613   6072  1.000000 
682   6013  1.000000 
221   6013  1.000000 
31   6013  1.000000 
575   5732  1.000000 
543   6013  1.000000 
978   6069  0.750000 
1177   6013  1.000000 
739   6013  1.000000 
1307   6013  1.000000 
529   5817  1.000000 
1030   5354  1.000000 
1330   6013  1.000000 
1299   6013  1.000000 
961   6069  1.000000 
1133   6019  1.000000 
703   6013  1.000000 
557   6013  1.000000 
591   6001  1.000000 
693   6013  0.875000 
709   6013  1.000000 
977   6069  1.000000 
269   6013  1.000000 
766   6057  1.000000 
112   6013  1.000000 
892   6013  0.889000 
892   6002  0.111000 
677   6013  0.875000 
677   6002  0.125000 
1168   5999  1.000000 
1017   6001  1.000000 
407   6013  0.875000 
543   23896  1.000000 
575   6013  1.000000 
14   6013  1.000000 
476   6013  0.857000 
114   6013  1.000000 
1059   6013  1.000000 
1025   6016  1.000000 
976   6069  1.000000 
332   6013  0.875000 
513   3352  1.000000 
1002   6071  1.000000 
551   23896  1.000000 
521   6013  1.000000 
1249   6013  1.000000 
1027   5999  1.000000 
694   6002  0.143000 
694   6013  0.714000 
1094   6013  1.000000 
1033   6016  1.000000 
576   5732  1.000000 
22   6013  1.000000 
345   6013  1.000000 
35   6013  1.000000 
978   6013  1.000000 
501   6001  1.000000 
458   6002  1.000000 
650   6013  1.000000 
993   6013  1.000000 
512   6003  1.000000 
656   5999  1.000000 
1017   6000  1.000000 
746   6013  1.000000 
522   6013  1.000000 
956   5732  1.000000 
225   6013  1.000000 
968   6013  1.000000 
1149   5999  1.000000 
1224   5999  1.000000 
139   6013  1.000000 
1184   6013  1.000000 
827   6013  1.000000 
721   6013  1.000000 
88   6013  1.000000 
1015   6019  1.000000 
362   6013  1.000000 
1101   6013  1.000000 
181   6013  1.000000 
710   6057  1.000000 
613   6057  1.000000 
1140   5999  1.000000 
964   5425  0.333000 
964   6003  0.333000 
964   6013  0.333000 
707   6057  1.000000 
194   6013  1.000000 
1096   6013  1.000000 
756   6013  1.000000 
699   6013  1.000000 
206   6013  1.000000 
527   23896  0.200000 
527   6013  0.800000 
1377   6013  1.000000 
438   6013  0.875000 
1019   6001  0.500000 
1019   6013  0.500000 
188   6002  1.000000 
1335   6013  1.000000 
1174   5999  1.000000 
939   6013  1.000000 
1009   6013  1.000000 
834   6013  0.875000 
834   6002  0.125000 
1124   6013  0.889000 
298   6013  1.000000 
1117   6003  1.000000 
665   6013  1.000000 
607   23896  1.000000 
528   6013  1.000000 
1324   6013  1.000000 
658   6013  1.000000 
1227   5999  1.000000 
872   6013  0.889000 
1389   6013  1.000000 
21   6013  0.857000 
533   6018  1.000000 
167   6013  1.000000 
1171   5999  1.000000 
1355   6013  1.000000 
488   6013  1.000000 
1371   6013  1.000000 
780   6013  1.000000 
422   6013  1.000000 
378   6013  0.857000 
542   5920  1.000000 
630   6013  1.000000 
1002   6069  1.000000 
526   6006  1.000000 
609   6057  1.000000 
334   6013  0.875000 
1072   6069  1.000000 
1326   6013  1.000000 
755   6013  0.875000 
974   5999  1.000000 
1398   6013  1.000000 
1008   6013  1.000000 
608   6013  1.000000 
1422   6013  1.000000 
1070   6069  1.000000 
1077   5999  1.000000 
142   6002  1.000000 
631   6013  1.000000 
979   5355  1.000000 
102   6013  1.000000 
334   6013  0.875000 
953   5352  0.500000 
953   6014  0.500000 
1269   6013  1.000000 
962   5355  1.000000 
586   5425  1.000000 
670   6013  1.000000 
1135   6013  1.000000 
750   6057  1.000000 
972   5425  1.000000 
981   6013  1.000000 
483   6013  1.000000 
1313   6013  0.889000 
1231   5999  1.000000 
760   6057  1.000000 
490   6013  1.000000 
95   6013  1.000000 
1191   6013  1.000000 
1100   6013  1.000000 
509   6016  1.000000 
343   6013  1.000000 
486   6013  1.000000 
396   6013  0.875000 
289   6013  1.000000 
928   6013  1.000000 
849   6013  1.000000 
784   6013  0.875000 
239   6013  0.889000 
1244   6001  1.000000 
1125   6013  0.875000 
1125   5425  0.125000 
1087   6013  1.000000 
1041   6016  1.000000 
1356   6013  1.000000 
1124   6013  0.889000 
1283   6013  1.000000 
252   6013  0.875000 
1270   6013  1.000000 
398   6013  1.000000 
1099   6013  0.889000 
637   5999  1.000000 
92   6013  1.000000 
1032   5353  1.000000 
1009   6016  1.000000 
144   6013  1.000000 
1039   6016  0.500000 
552   5920  1.000000 
913   6013  1.000000 
1035   6016  1.000000 
613   6013  1.000000 
451   6013  0.750000 
451   23896  0.125000 
322   6002  1.000000 
395   6013  1.000000 
