1094   6076  1.000000 
145   6078  1.000000 
512   12905  1.000000 
435   6078  0.200000 
435   6079  0.800000 
925   6076  1.000000 
868   6093  0.500000 
868   6094  0.500000 
1241   6589  1.000000 
886   6089  1.000000 
949   6080  1.000000 
1210   6599  1.000000 
167   6079  1.000000 
608   6080  0.500000 
608   6076  0.500000 
994   6076  1.000000 
772   6094  0.667000 
772   25532  0.333000 
1381   13162  1.000000 
1123   6092  1.000000 
1280   6589  1.000000 
677   6082  1.000000 
569   12905  1.000000 
872   6076  1.000000 
448   12904  1.000000 
1306   25580  1.000000 
160   25580  1.000000 
169   6078  1.000000 
161   6078  1.000000 
1315   6635  1.000000 
1185   22360  1.000000 
1419   6078  0.333000 
1419   6079  0.667000 
1358   6078  0.500000 
1358   6079  0.500000 
1181   6076  1.000000 
756   6094  0.500000 
756   6671  0.250000 
756   25532  0.250000 
1433   25580  1.000000 
1345   25580  1.000000 
218   6079  1.000000 
459   6079  1.000000 
147   6079  1.000000 
755   6094  1.000000 
930   6076  1.000000 
834   6094  1.000000 
876   6095  1.000000 
835   6094  0.500000 
835   25532  0.500000 
1289   22360  1.000000 
1325   6079  1.000000 
489   6079  1.000000 
852   25914  1.000000 
172   25580  1.000000 
1257   6079  1.000000 
261   12808  1.000000 
59   25580  1.000000 
379   6087  0.500000 
431   6078  1.000000 
673   6076  0.900000 
673   6599  0.100000 
1056   6076  1.000000 
1165   6587  1.000000 
561   6079  1.000000 
862   6095  1.000000 
168   6087  1.000000 
511   6079  0.167000 
511   6078  0.833000 
569   6079  1.000000 
1171   6078  1.000000 
1135   6084  1.000000 
307   6087  1.000000 
480   6078  1.000000 
625   6076  1.000000 
742   25532  0.500000 
742   6671  0.500000 
1019   6076  1.000000 
850   6092  1.000000 
1253   6091  1.000000 
805   6671  1.000000 
1131   6589  1.000000 
1175   6078  1.000000 
296   6078  0.857000 
345   12905  1.000000 
160   6078  1.000000 
347   6079  1.000000 
1420   6080  1.000000 
1387   6082  1.000000 
126   6087  0.667000 
444   6079  0.800000 
1194   6078  1.000000 
582   6078  1.000000 
1303   25580  1.000000 
1272   6589  1.000000 
715   6082  1.000000 
422   12807  1.000000 
1131   6086  1.000000 
1327   25580  1.000000 
767   6671  1.000000 
553   6076  1.000000 
1102   9443  1.000000 
1036   6076  1.000000 
720   6080  0.500000 
720   6076  0.500000 
1182   6078  1.000000 
252   6087  1.000000 
21   25580  1.000000 
308   6087  0.500000 
365   6087  1.000000 
204   6078  1.000000 
275   6078  1.000000 
1256   6589  1.000000 
687   6076  1.000000 
1357   22360  1.000000 
524   6086  1.000000 
1208   6078  1.000000 
729   6091  0.500000 
729   6097  0.500000 
840   25532  1.000000 
1046   25926  1.000000 
1416   25580  1.000000 
927   6076  1.000000 
278   6078  1.000000 
1371   6078  1.000000 
1220   6589  1.000000 
685   6076  1.000000 
490   6078  0.800000 
1007   6076  1.000000 
1426   25580  1.000000 
261   6087  1.000000 
309   12905  1.000000 
72   6087  1.000000 
750   6076  1.000000 
857   6094  0.333000 
857   6096  0.333000 
857   6093  0.333000 
765   6094  1.000000 
413   12905  1.000000 
873   6080  1.000000 
139   6078  0.857000 
1202   22360  1.000000 
609   6076  1.000000 
445   12904  1.000000 
1194   6589  1.000000 
1423   6086  1.000000 
554   6078  0.500000 
554   6079  0.500000 
1223   6589  1.000000 
571   6079  1.000000 
1249   22360  1.000000 
1395   22360  1.000000 
1   25580  1.000000 
206   25580  1.000000 
457   6078  0.667000 
457   6079  0.333000 
673   6076  0.900000 
673   6599  0.100000 
525   12905  1.000000 
725   6671  1.000000 
146   25580  1.000000 
1427   25580  1.000000 
272   6087  1.000000 
808   25532  1.000000 
1081   16771  1.000000 
725   6089  1.000000 
324   6078  0.875000 
801   25532  1.000000 
485   18252  1.000000 
1177   6081  1.000000 
1392   22360  1.000000 
265   6078  0.875000 
222   6087  0.667000 
1229   22360  1.000000 
776   6094  1.000000 
1121   6092  1.000000 
1283   22360  1.000000 
120   6087  0.667000 
327   12808  1.000000 
906   6671  1.000000 
295   6078  0.857000 
257   6078  1.000000 
742   25532  0.500000 
742   6671  0.500000 
522   6087  1.000000 
1311   6589  1.000000 
1057   6076  0.800000 
1057   6077  0.200000 
734   6671  1.000000 
402   6078  1.000000 
34   6078  0.500000 
34   6079  0.500000 
784   6671  1.000000 
874   6095  1.000000 
849   6076  1.000000 
470   12904  1.000000 
1253   22360  1.000000 
1376   22360  1.000000 
728   6089  0.500000 
728   6090  0.500000 
592   6079  0.167000 
592   6086  0.833000 
1184   22360  1.000000 
749   6094  0.750000 
749   6671  0.250000 
556   6600  1.000000 
367   12905  1.000000 
241   6078  0.333000 
241   6087  0.667000 
828   25533  0.143000 
828   25532  0.714000 
997   6076  1.000000 
200   6087  1.000000 
457   6078  0.667000 
457   6079  0.333000 
94   25580  1.000000 
763   6076  1.000000 
716   16771  1.000000 
608   12905  1.000000 
233   6078  1.000000 
606   6082  0.667000 
606   6080  0.333000 
931   6076  1.000000 
603   6600  0.750000 
603   6599  0.250000 
517   6079  1.000000 
676   6076  0.889000 
1162   6076  1.000000 
309   6078  1.000000 
387   12808  1.000000 
296   12808  1.000000 
1427   6599  1.000000 
522   6086  1.000000 
1030   25926  1.000000 
373   6087  1.000000 
187   6079  1.000000 
695   6093  1.000000 
798   6076  1.000000 
508   12905  1.000000 
450   6087  1.000000 
467   6079  0.667000 
467   6078  0.333000 
461   12904  1.000000 
286   6087  1.000000 
696   6076  1.000000 
1142   6480  1.000000 
195   6087  1.000000 
573   6076  1.000000 
803   25532  0.889000 
803   6671  0.111000 
869   6089  1.000000 
306   6087  0.500000 
1348   6589  1.000000 
471   6079  1.000000 
359   12808  1.000000 
1048   6076  0.857000 
1217   6078  1.000000 
1297   6589  1.000000 
20   25580  1.000000 
1224   6078  0.750000 
181   6087  1.000000 
411   12905  1.000000 
485   6078  1.000000 
5   6078  1.000000 
1099   12066  1.000000 
1168   6589  1.000000 
1382   22360  1.000000 
361   6087  1.000000 
829   6094  0.500000 
829   6671  0.500000 
574   6078  0.800000 
574   6079  0.200000 
259   6079  1.000000 
104   6078  1.000000 
635   6076  1.000000 
1021   16833  1.000000 
456   6078  1.000000 
349   12905  1.000000 
484   6078  1.000000 
425   6078  1.000000 
865   6094  1.000000 
741   6671  0.333000 
741   25532  0.667000 
1133   6086  1.000000 
672   6076  1.000000 
601   6076  1.000000 
249   6078  0.857000 
249   6087  0.143000 
1133   6083  1.000000 
573   12905  1.000000 
815   6671  1.000000 
79   6078  1.000000 
1398   6079  1.000000 
1399   22360  1.000000 
584   12905  1.000000 
1306   22360  1.000000 
407   12905  1.000000 
226   6087  1.000000 
1291   6079  1.000000 
410   6079  0.167000 
410   6078  0.833000 
1115   6086  1.000000 
518   12905  1.000000 
511   12905  1.000000 
1357   25580  1.000000 
1066   6076  0.857000 
1066   6077  0.143000 
187   6087  1.000000 
442   6078  0.167000 
442   6079  0.833000 
824   25533  0.143000 
824   25532  0.857000 
713   6076  0.714000 
713   6080  0.143000 
776   25533  0.125000 
776   25532  0.750000 
776   6671  0.125000 
921   6076  1.000000 
1300   6589  1.000000 
187   25580  1.000000 
1407   6599  1.000000 
1242   25912  1.000000 
854   25919  1.000000 
384   6078  1.000000 
1236   6078  1.000000 
1132   6076  1.000000 
1380   25580  1.000000 
1354   6589  1.000000 
107   25580  1.000000 
299   12808  1.000000 
1148   13117  1.000000 
572   6078  1.000000 
193   6078  1.000000 
869   6082  1.000000 
512   6078  0.800000 
512   6079  0.200000 
967   6076  0.875000 
561   6080  1.000000 
1059   16833  1.000000 
598   6098  0.333000 
598   6084  0.667000 
1173   6078  1.000000 
286   12808  1.000000 
1164   6078  1.000000 
1434   6087  1.000000 
856   6092  1.000000 
1105   6082  1.000000 
1342   6589  1.000000 
792   25533  0.143000 
792   25532  0.857000 
1304   6079  1.000000 
515   6078  0.750000 
1214   6078  1.000000 
863   6097  1.000000 
1214   6599  1.000000 
1146   6589  1.000000 
601   6600  1.000000 
408   6087  1.000000 
1245   6589  1.000000 
1435   25580  1.000000 
30   6079  0.667000 
599   6076  1.000000 
776   25533  0.125000 
776   25532  0.750000 
776   6671  0.125000 
340   6079  1.000000 
1213   16833  1.000000 
364   6078  1.000000 
126   6078  1.000000 
537   6078  1.000000 
1229   16833  1.000000 
1224   6086  1.000000 
902   6076  1.000000 
1290   22360  1.000000 
1111   6076  0.833000 
1249   6095  1.000000 
1176   6076  0.500000 
1176   6080  0.500000 
899   6076  1.000000 
64   25580  1.000000 
478   12904  1.000000 
1267   6086  1.000000 
540   6084  1.000000 
20   6079  1.000000 
1232   6078  1.000000 
529   6078  1.000000 
752   6671  1.000000 
113   6079  1.000000 
380   6078  0.875000 
921   6671  1.000000 
480   12904  1.000000 
878   6082  1.000000 
118   25744  1.000000 
400   6078  1.000000 
124   6078  1.000000 
1177   6589  1.000000 
1230   16833  1.000000 
1149   6589  1.000000 
1127   6589  1.000000 
1330   6078  1.000000 
14   6079  1.000000 
44   25580  1.000000 
1263   22360  1.000000 
186   6079  1.000000 
1191   6589  1.000000 
416   6087  1.000000 
539   6085  0.143000 
539   6078  0.857000 
1197   6095  1.000000 
917   6076  1.000000 
558   6078  0.500000 
558   6079  0.500000 
249   12808  1.000000 
115   6087  1.000000 
1113   6076  1.000000 
1178   6589  1.000000 
293   6079  1.000000 
1434   22360  1.000000 
1344   25580  1.000000 
1267   6589  1.000000 
122   6078  1.000000 
533   6081  1.000000 
31   6079  1.000000 
556   12905  1.000000 
1267   22360  1.000000 
1060   6076  1.000000 
1377   6079  1.000000 
1133   6093  1.000000 
1423   6599  1.000000 
1169   22360  1.000000 
574   6082  1.000000 
1140   6076  1.000000 
729   6076  1.000000 
157   6079  1.000000 
1001   6082  1.000000 
530   12905  1.000000 
141   6078  0.833000 
1326   6079  1.000000 
222   6078  1.000000 
829   25532  1.000000 
1343   6589  1.000000 
435   6078  1.000000 
236   12905  1.000000 
574   12808  1.000000 
1127   6097  1.000000 
1388   6078  1.000000 
1055   18070  1.000000 
201   6079  1.000000 
601   12808  1.000000 
270   6087  1.000000 
1425   6599  1.000000 
530   6078  1.000000 
77   6078  1.000000 
1300   6097  1.000000 
182   6078  1.000000 
3   6078  1.000000 
562   12905  1.000000 
1231   6078  1.000000 
117   25581  1.000000 
117   6087  1.000000 
727   6076  1.000000 
468   12904  1.000000 
1352   6589  1.000000 
178   6078  1.000000 
1336   6078  1.000000 
623   6076  1.000000 
1238   6078  1.000000 
239   12808  1.000000 
454   6087  1.000000 
527   6078  0.750000 
16   6078  1.000000 
805   6076  1.000000 
1119   6092  1.000000 
607   6080  0.500000 
607   6082  0.500000 
1215   6078  1.000000 
1129   6086  1.000000 
1140   6480  1.000000 
752   25532  0.800000 
1405   6093  1.000000 
1387   6078  1.000000 
263   12905  1.000000 
528   12905  1.000000 
1272   22360  1.000000 
1268   6086  1.000000 
1194   22360  1.000000 
172   6087  1.000000 
135   6078  1.000000 
88   6087  1.000000 
864   6095  1.000000 
240   12905  1.000000 
78   25580  1.000000 
1219   6600  1.000000 
153   6087  1.000000 
668   6077  1.000000 
563   6086  1.000000 
1156   6076  1.000000 
820   25532  1.000000 
536   6076  1.000000 
1215   16833  1.000000 
943   6089  1.000000 
381   6078  0.875000 
1164   6076  1.000000 
424   6079  1.000000 
384   6087  1.000000 
769   25532  1.000000 
303   6087  1.000000 
1056   6076  0.667000 
1056   6080  0.167000 
869   6076  1.000000 
106   25580  1.000000 
8   6078  0.857000 
1379   6079  1.000000 
1319   6079  1.000000 
233   12905  1.000000 
1207   25910  1.000000 
1428   6080  1.000000 
289   6078  1.000000 
849   6092  1.000000 
401   12905  1.000000 
604   6080  1.000000 
1413   6079  1.000000 
723   6076  1.000000 
840   6092  1.000000 
1287   22360  1.000000 
1432   6079  1.000000 
27   6079  1.000000 
564   12808  1.000000 
279   6079  1.000000 
249   6079  1.000000 
1196   6078  1.000000 
1425   22360  1.000000 
1134   6589  1.000000 
1361   6078  1.000000 
1356   6078  1.000000 
53   6078  1.000000 
1243   6638  1.000000 
365   12905  1.000000 
197   6087  1.000000 
263   6087  1.000000 
710   6076  1.000000 
682   6076  1.000000 
400   6087  1.000000 
1206   6089  1.000000 
1270   6078  1.000000 
1157   6076  1.000000 
751   6671  0.500000 
751   6094  0.500000 
580   6076  0.750000 
1405   6087  1.000000 
120   6078  1.000000 
1315   6589  1.000000 
683   6090  1.000000 
576   6079  1.000000 
1178   6078  1.000000 
273   12905  1.000000 
1237   22360  1.000000 
1206   22360  1.000000 
217   6079  1.000000 
405   6087  1.000000 
1264   6085  1.000000 
708   6081  1.000000 
318   12808  1.000000 
732   6095  1.000000 
1401   6094  1.000000 
667   6077  1.000000 
36   6078  1.000000 
1006   6097  1.000000 
395   6078  0.875000 
395   6087  0.125000 
151   6078  1.000000 
56   6078  1.000000 
626   12905  1.000000 
727   6096  1.000000 
1152   6076  1.000000 
1319   22360  1.000000 
590   12808  1.000000 
1219   22360  1.000000 
376   6078  1.000000 
403   6079  1.000000 
1403   6082  1.000000 
1385   6082  1.000000 
1416   22360  1.000000 
585   6076  0.750000 
598   12808  1.000000 
468   6078  1.000000 
218   6078  1.000000 
835   6094  0.167000 
835   25532  0.833000 
350   12808  1.000000 
1344   6079  0.667000 
1147   6078  1.000000 
1219   6078  1.000000 
763   6094  1.000000 
1288   6079  1.000000 
1015   6076  1.000000 
1192   6086  1.000000 
963   6076  1.000000 
374   12905  1.000000 
1262   6084  1.000000 
851   6096  0.500000 
851   6092  0.250000 
851   6091  0.250000 
1424   25580  1.000000 
428   6078  0.600000 
428   6079  0.400000 
490   6087  0.200000 
490   6079  0.800000 
717   6091  1.000000 
1399   6082  1.000000 
472   12904  1.000000 
1249   6079  1.000000 
1379   22360  1.000000 
256   6087  1.000000 
849   6671  1.000000 
957   6076  1.000000 
788   6076  1.000000 
1261   6589  1.000000 
1356   22360  1.000000 
829   6094  0.500000 
829   6671  0.500000 
742   6094  0.667000 
742   6671  0.333000 
429   6079  1.000000 
165   6079  1.000000 
1433   6078  0.667000 
1433   6087  0.333000 
819   6076  1.000000 
255   6079  1.000000 
1277   6079  1.000000 
1344   6589  1.000000 
1324   22360  1.000000 
348   6079  1.000000 
713   6080  1.000000 
239   6078  1.000000 
752   25532  0.800000 
1223   22360  1.000000 
1060   6076  0.833000 
1060   6077  0.167000 
254   6078  1.000000 
877   6076  1.000000 
1380   6083  1.000000 
585   6078  0.833000 
585   6079  0.167000 
281   6078  1.000000 
368   6078  1.000000 
315   12905  1.000000 
201   6078  0.800000 
405   6079  1.000000 
34   6078  1.000000 
857   6081  1.000000 
740   6094  0.333000 
740   6671  0.667000 
297   6078  1.000000 
900   6080  1.000000 
399   6078  0.857000 
701   16771  1.000000 
549   12905  1.000000 
90   6087  1.000000 
885   6097  1.000000 
596   6076  1.000000 
558   6076  1.000000 
1345   6078  1.000000 
342   6078  1.000000 
719   16771  1.000000 
1211   16833  1.000000 
1229   6589  1.000000 
514   12905  1.000000 
559   12905  1.000000 
1191   6086  1.000000 
987   6076  1.000000 
1366   25580  1.000000 
488   6078  1.000000 
1039   25926  1.000000 
1203   22360  1.000000 
1425   25580  1.000000 
1144   6076  1.000000 
277   6078  1.000000 
122   25580  1.000000 
1249   6078  0.667000 
1338   6079  1.000000 
257   6087  1.000000 
214   6087  1.000000 
855   6094  1.000000 
120   25744  1.000000 
1398   6095  1.000000 
282   6078  0.875000 
254   6079  1.000000 
1054   25931  1.000000 
334   6078  1.000000 
1144   16777  1.000000 
1004   6076  1.000000 
1259   6078  0.667000 
1259   6079  0.333000 
1256   6078  1.000000 
226   6078  1.000000 
479   6078  1.000000 
1142   6589  1.000000 
1062   6076  1.000000 
1161   6078  1.000000 
476   6078  1.000000 
633   6076  1.000000 
1188   6085  1.000000 
1174   6076  1.000000 
1153   6076  1.000000 
82   6078  1.000000 
434   6079  1.000000 
347   12905  1.000000 
967   6076  0.875000 
860   6081  1.000000 
1248   6589  1.000000 
811   6671  1.000000 
640   6076  1.000000 
302   6078  1.000000 
786   25532  1.000000 
1429   6078  0.667000 
1020   6637  1.000000 
1238   22360  1.000000 
858   6092  1.000000 
199   25580  1.000000 
1054   6076  0.800000 
534   6080  1.000000 
37   6087  1.000000 
732   6094  0.333000 
732   6671  0.667000 
235   6087  1.000000 
50   6078  1.000000 
473   12904  1.000000 
950   6076  1.000000 
1094   6076  1.000000 
349   6087  1.000000 
1241   6078  0.750000 
1314   6078  1.000000 
1290   6084  1.000000 
1041   25926  1.000000 
319   6078  1.000000 
424   6078  0.750000 
424   6087  0.250000 
1246   6078  1.000000 
724   6080  0.333000 
724   6082  0.667000 
951   6076  1.000000 
398   12808  1.000000 
322   6078  0.875000 
322   6087  0.125000 
580   6079  1.000000 
837   25532  0.500000 
837   6094  0.250000 
837   6671  0.250000 
482   6078  0.857000 
482   6079  0.143000 
421   12905  1.000000 
510   6078  0.833000 
510   6087  0.167000 
567   6076  1.000000 
315   6078  1.000000 
419   6078  1.000000 
578   12905  1.000000 
726   6097  1.000000 
519   12905  1.000000 
14   25580  1.000000 
202   6079  1.000000 
1124   6097  1.000000 
489   6079  0.167000 
489   6078  0.833000 
562   6079  0.500000 
562   6086  0.500000 
147   25580  1.000000 
817   25532  1.000000 
370   6087  1.000000 
565   6079  1.000000 
783   25533  0.143000 
783   25532  0.714000 
545   6076  1.000000 
721   16771  1.000000 
170   6079  1.000000 
1367   25580  1.000000 
782   6076  1.000000 
850   6094  1.000000 
738   6094  0.500000 
1173   6080  1.000000 
1199   22360  1.000000 
611   6076  1.000000 
412   6078  1.000000 
187   6078  1.000000 
674   6076  0.889000 
552   6084  1.000000 
422   6078  0.750000 
422   6079  0.250000 
387   6078  0.889000 
420   6078  1.000000 
132   6078  0.333000 
132   6087  0.667000 
103   6078  1.000000 
415   6078  0.333000 
415   6079  0.667000 
250   6078  1.000000 
1178   22360  1.000000 
599   25535  0.400000 
599   6084  0.600000 
753   25532  1.000000 
892   6082  1.000000 
740   6094  0.500000 
740   6671  0.500000 
1281   6589  1.000000 
1407   22360  1.000000 
1394   22360  1.000000 
1052   6076  1.000000 
417   6087  1.000000 
1117   6086  1.000000 
599   12905  1.000000 
1316   6078  1.000000 
1049   25926  1.000000 
1171   6076  1.000000 
1102   6076  0.833000 
1102   6080  0.167000 
1255   6079  1.000000 
1056   6076  0.667000 
1056   6080  0.167000 
747   25532  1.000000 
1310   6078  1.000000 
489   6079  0.167000 
489   6078  0.833000 
1288   6078  1.000000 
1304   6589  1.000000 
843   6076  1.000000 
1438   6078  1.000000 
1428   6087  1.000000 
1260   22360  1.000000 
1298   6089  1.000000 
1228   6079  1.000000 
1092   6076  1.000000 
208   6079  1.000000 
1400   6087  1.000000 
1013   6095  1.000000 
1107   6076  1.000000 
153   6078  1.000000 
336   6078  1.000000 
1022   6076  1.000000 
142   6087  1.000000 
1407   6079  1.000000 
184   6087  1.000000 
14   6078  1.000000 
1250   6093  1.000000 
1371   6079  1.000000 
1127   6076  1.000000 
857   6094  0.333000 
857   6096  0.333000 
857   6093  0.333000 
616   6076  1.000000 
1369   22360  1.000000 
1357   6078  1.000000 
1426   6078  0.333000 
1426   6079  0.667000 
789   6076  1.000000 
643   6076  1.000000 
1258   6079  0.667000 
1258   6078  0.333000 
502   6078  1.000000 
15   6078  0.857000 
375   6078  0.875000 
767   6094  1.000000 
1301   6589  1.000000 
106   6078  1.000000 
570   6078  1.000000 
455   6079  1.000000 
1352   22360  1.000000 
1002   6076  1.000000 
550   6078  0.600000 
550   6079  0.200000 
1268   6078  1.000000 
1291   6084  1.000000 
1432   6078  1.000000 
1427   22360  1.000000 
333   12808  1.000000 
1235   6078  0.500000 
344   6078  1.000000 
1384   6078  1.000000 
839   25532  0.667000 
839   6094  0.333000 
1227   6078  1.000000 
1037   25926  1.000000 
746   6094  1.000000 
1205   6589  1.000000 
737   25532  0.250000 
737   6671  0.500000 
516   6078  1.000000 
512   6078  0.800000 
512   6079  0.200000 
1320   22360  1.000000 
1179   6078  1.000000 
538   6078  1.000000 
1401   6087  1.000000 
1184   6080  1.000000 
1141   6589  1.000000 
251   6078  1.000000 
722   6082  1.000000 
173   6079  1.000000 
1176   6078  1.000000 
684   6076  1.000000 
432   6079  0.833000 
432   6078  0.167000 
724   6076  1.000000 
910   6076  0.857000 
1362   6078  1.000000 
226   12895  1.000000 
54   25580  1.000000 
1099   6077  1.000000 
1240   6078  1.000000 
783   6076  1.000000 
85   25580  1.000000 
366   6078  1.000000 
1160   6079  1.000000 
787   6076  1.000000 
97   6078  1.000000 
1083   6478  1.000000 
1360   6079  1.000000 
830   25532  1.000000 
466   6078  0.750000 
466   6079  0.250000 
714   6081  0.500000 
714   6089  0.500000 
1409   22360  1.000000 
496   12802  1.000000 
535   6086  1.000000 
1396   6079  1.000000 
679   6599  1.000000 
1007   6097  1.000000 
1314   6589  1.000000 
502   6079  1.000000 
1259   22360  1.000000 
1185   6092  1.000000 
337   12905  1.000000 
150   6079  1.000000 
310   6087  0.500000 
763   6094  0.500000 
1355   25580  1.000000 
1270   6589  1.000000 
302   6087  0.500000 
775   6094  1.000000 
862   6093  1.000000 
1321   22360  1.000000 
1138   6086  1.000000 
1391   6078  1.000000 
490   6087  0.200000 
490   6079  0.800000 
1201   6078  1.000000 
401   6079  0.143000 
401   6078  0.857000 
1189   6078  1.000000 
1398   25580  1.000000 
183   6078  0.333000 
183   6087  0.667000 
854   6076  1.000000 
94   6087  1.000000 
556   6078  1.000000 
205   6078  1.000000 
1176   22360  1.000000 
31   6079  0.143000 
31   6078  0.857000 
1425   6078  1.000000 
832   6076  1.000000 
1410   22360  1.000000 
1164   22360  1.000000 
440   6078  0.667000 
440   6079  0.333000 
898   6082  1.000000 
37   6078  1.000000 
1175   6589  1.000000 
1062   13090  1.000000 
63   6087  1.000000 
1205   6080  1.000000 
690   6076  0.889000 
1027   6076  1.000000 
337   6078  0.857000 
213   6087  1.000000 
1055   6077  1.000000 
203   6087  1.000000 
1238   6079  1.000000 
906   6076  0.857000 
1258   6589  1.000000 
212   6087  1.000000 
1111   6084  1.000000 
587   12905  1.000000 
404   12905  1.000000 
316   6087  1.000000 
469   6078  1.000000 
286   6079  1.000000 
1239   6078  1.000000 
1289   6589  1.000000 
1295   6082  1.000000 
1310   6589  1.000000 
723   6671  1.000000 
230   6079  1.000000 
33   25580  1.000000 
80   25580  1.000000 
1268   22360  1.000000 
128   25580  1.000000 
1224   22360  1.000000 
369   6078  0.875000 
542   6076  1.000000 
807   25532  0.875000 
807   25533  0.125000 
506   6078  1.000000 
1164   6078  1.000000 
576   6078  0.500000 
576   6079  0.500000 
938   6076  1.000000 
1392   6079  1.000000 
829   25533  1.000000 
534   6078  1.000000 
898   6076  1.000000 
298   6078  0.750000 
1329   6078  1.000000 
164   6078  1.000000 
1051   6076  0.833000 
1051   6077  0.167000 
102   6087  0.667000 
605   6076  1.000000 
722   6082  0.667000 
722   6089  0.333000 
1346   22360  1.000000 
529   6079  1.000000 
396   6078  1.000000 
1196   22360  1.000000 
227   12895  1.000000 
1222   22360  1.000000 
566   6079  0.200000 
566   6078  0.800000 
1073   6076  1.000000 
530   6087  1.000000 
982   6076  0.875000 
1078   6637  1.000000 
1098   6077  0.143000 
1098   6076  0.857000 
1335   6589  1.000000 
478   6079  1.000000 
536   6079  1.000000 
138   6087  1.000000 
841   6092  0.250000 
841   6671  0.250000 
841   6094  0.500000 
284   12905  1.000000 
1349   6589  1.000000 
63   25580  1.000000 
334   6087  1.000000 
1391   6095  1.000000 
247   6087  1.000000 
1208   6082  1.000000 
1166   6076  1.000000 
1330   22360  0.500000 
34   6087  1.000000 
129   6087  1.000000 
861   6093  0.500000 
861   6094  0.500000 
282   6078  0.875000 
403   12905  1.000000 
1283   6078  1.000000 
275   12905  1.000000 
1328   22360  1.000000 
492   12903  1.000000 
1155   6589  1.000000 
1051   6076  0.833000 
1051   6077  0.167000 
568   6079  0.500000 
1381   6079  1.000000 
1418   25580  1.000000 
1126   6076  1.000000 
355   6078  0.750000 
355   6087  0.125000 
137   6087  1.000000 
519   6087  1.000000 
869   6094  1.000000 
292   6078  0.875000 
1392   6078  0.500000 
1392   6079  0.500000 
721   6082  0.500000 
721   6081  0.500000 
1422   22360  1.000000 
1189   6093  1.000000 
221   6079  1.000000 
196   25580  1.000000 
822   6671  1.000000 
1311   25580  1.000000 
383   12808  1.000000 
181   6078  1.000000 
344   12808  1.000000 
1416   6599  1.000000 
1190   6589  1.000000 
390   6087  1.000000 
1232   16833  1.000000 
1016   6076  1.000000 
1178   6076  1.000000 
772   6076  1.000000 
745   6094  1.000000 
1307   6078  0.500000 
1307   6079  0.500000 
518   6078  1.000000 
1313   6078  1.000000 
1185   6076  1.000000 
316   12905  1.000000 
446   12903  1.000000 
342   6079  1.000000 
1325   6589  1.000000 
842   6671  1.000000 
74   6078  0.833000 
274   6087  1.000000 
1425   6079  1.000000 
1180   6589  1.000000 
83   25580  1.000000 
570   6079  1.000000 
749   6076  1.000000 
891   6076  1.000000 
778   6094  0.500000 
778   6671  0.500000 
713   6076  0.714000 
713   6080  0.143000 
9   25580  1.000000 
1193   22360  1.000000 
1187   6076  1.000000 
1202   6078  1.000000 
1296   6078  1.000000 
112   6078  0.857000 
112   6079  0.143000 
329   6078  1.000000 
876   6092  1.000000 
1213   6078  1.000000 
608   6080  0.500000 
608   6082  0.500000 
916   6671  1.000000 
372   6078  0.857000 
499   6078  1.000000 
1346   6079  0.667000 
326   12905  1.000000 
1369   6079  1.000000 
841   6092  0.250000 
841   6671  0.250000 
841   6094  0.500000 
1221   6589  1.000000 
777   25532  1.000000 
1321   6078  1.000000 
1308   22360  1.000000 
318   6078  1.000000 
73   6087  1.000000 
1292   6083  1.000000 
1323   6078  1.000000 
1307   6078  0.500000 
1307   6079  0.500000 
840   6094  0.500000 
840   6671  0.500000 
1247   6589  1.000000 
29   6079  1.000000 
597   12905  1.000000 
51   25580  1.000000 
783   25532  1.000000 
142   6079  1.000000 
60   6078  1.000000 
744   25532  1.000000 
110   6087  0.667000 
104   6087  0.667000 
1376   6086  1.000000 
1046   6076  0.857000 
220   25743  1.000000 
1402   22360  1.000000 
114   25580  1.000000 
1241   6637  1.000000 
294   12905  1.000000 
1372   6599  1.000000 
1160   13117  1.000000 
361   6078  1.000000 
686   6076  1.000000 
860   6094  1.000000 
670   6076  0.900000 
472   6078  1.000000 
496   6078  1.000000 
1128   6076  0.667000 
1138   6076  1.000000 
1143   6480  1.000000 
866   6094  1.000000 
51   6087  1.000000 
1257   6089  1.000000 
1352   6078  1.000000 
1243   6078  0.667000 
882   6092  1.000000 
1396   6095  1.000000 
847   6096  0.333000 
847   6092  0.667000 
837   6094  0.250000 
837   6671  0.750000 
266   6078  0.500000 
266   6087  0.500000 
875   6076  1.000000 
1166   22360  1.000000 
212   6079  1.000000 
389   6087  1.000000 
257   12905  1.000000 
1202   6637  1.000000 
414   6079  0.333000 
414   6087  0.667000 
1119   6086  1.000000 
131   6078  1.000000 
291   6087  1.000000 
454   6079  0.800000 
454   6078  0.200000 
451   6087  1.000000 
532   6079  1.000000 
700   16771  1.000000 
559   6082  1.000000 
258   6087  1.000000 
345   6078  1.000000 
988   6076  1.000000 
266   6078  0.500000 
266   6087  0.500000 
569   6078  0.500000 
85   6078  1.000000 
1073   16833  1.000000 
1293   22360  1.000000 
1091   6076  1.000000 
1292   22360  1.000000 
209   6078  1.000000 
1286   6079  1.000000 
395   6078  1.000000 
473   6079  1.000000 
1215   6599  1.000000 
271   6087  1.000000 
613   6076  1.000000 
1301   6078  0.500000 
1301   6079  0.500000 
190   6078  0.857000 
190   6087  0.143000 
631   6076  1.000000 
130   25580  1.000000 
732   6671  1.000000 
430   12805  1.000000 
501   6079  1.000000 
1232   25912  1.000000 
476   6079  1.000000 
696   6093  1.000000 
1248   6079  1.000000 
1266   6086  1.000000 
1136   6076  1.000000 
1159   6078  1.000000 
392   6078  0.875000 
392   6079  0.125000 
507   6078  1.000000 
386   6078  1.000000 
287   6078  1.000000 
1337   25580  1.000000 
1323   22360  1.000000 
800   6076  1.000000 
869   6095  1.000000 
1438   6078  0.500000 
1438   6087  0.500000 
1182   6076  1.000000 
1396   6082  1.000000 
771   6094  1.000000 
428   12800  1.000000 
162   25580  1.000000 
1296   22360  1.000000 
260   6087  1.000000 
912   6671  1.000000 
1110   9443  1.000000 
458   6087  1.000000 
754   6094  1.000000 
557   6079  0.167000 
557   6078  0.833000 
1285   6589  1.000000 
466   6079  1.000000 
726   16772  1.000000 
1428   6079  1.000000 
841   6671  1.000000 
1294   6587  1.000000 
1102   6076  1.000000 
597   6083  0.250000 
597   6084  0.500000 
597   6085  0.250000 
1253   6079  1.000000 
1333   6078  1.000000 
461   6078  1.000000 
1130   6093  1.000000 
1400   6094  1.000000 
884   6091  1.000000 
941   6090  1.000000 
1300   6079  0.250000 
1300   6078  0.750000 
1388   6082  1.000000 
392   6087  1.000000 
1005   6090  1.000000 
1381   22360  1.000000 
367   6087  1.000000 
1123   6090  1.000000 
771   25532  1.000000 
725   6089  1.000000 
1189   22360  1.000000 
151   6079  1.000000 
602   6082  0.333000 
602   6600  0.667000 
1122   6092  1.000000 
1155   6078  1.000000 
582   6079  1.000000 
1104   6076  0.833000 
751   6076  1.000000 
878   6076  0.800000 
1366   6086  1.000000 
1374   6599  1.000000 
1084   6077  1.000000 
844   6076  1.000000 
1054   6076  1.000000 
1378   25580  1.000000 
329   6079  1.000000 
534   12905  1.000000 
1389   25580  1.000000 
1347   25580  1.000000 
562   6076  1.000000 
1032   6076  1.000000 
174   6078  1.000000 
429   12800  1.000000 
1340   22360  0.500000 
483   6078  0.833000 
892   6076  1.000000 
281   6087  1.000000 
514   6079  1.000000 
1430   6087  1.000000 
1300   6079  0.250000 
1300   6078  0.750000 
1120   6092  1.000000 
445   6087  1.000000 
826   6671  1.000000 
576   12905  1.000000 
1149   6076  0.667000 
976   6076  1.000000 
443   6078  1.000000 
1129   6076  1.000000 
