953   26325  1.000000 
402   17705  1.000000 
609   3026  1.000000 
1167   3700  1.000000 
809   3026  1.000000 
1305   3024  1.000000 
1238   3024  1.000000 
827   26163  1.000000 
662   4695  1.000000 
1007   26330  1.000000 
922   3030  1.000000 
5   3022  1.000000 
664   3026  1.000000 
1301   3024  1.000000 
1007   1733  1.000000 
494   3026  1.000000 
146   20222  1.000000 
255   20222  1.000000 
236   20222  1.000000 
1262   3024  1.000000 
408   17705  1.000000 
694   26163  1.000000 
322   3026  1.000000 
1291   3024  1.000000 
1345   3024  1.000000 
126   20222  1.000000 
1180   6162  1.000000 
1249   26163  1.000000 
128   3062  1.000000 
474   3026  1.000000 
735   3026  1.000000 
1316   3024  1.000000 
523   26162  1.000000 
111   3135  1.000000 
570   3026  0.857000 
986   3124  1.000000 
22   20222  1.000000 
86   17705  1.000000 
1102   2988  1.000000 
1435   3024  1.000000 
161   20222  1.000000 
1253   3024  1.000000 
1264   5827  1.000000 
861   2989  1.000000 
1284   3829  0.250000 
1284   3026  0.750000 
419   3026  1.000000 
416   3026  1.000000 
885   2990  1.000000 
176   3026  0.857000 
926   5891  1.000000 
948   2993  1.000000 
1155   26163  1.000000 
74   26163  1.000000 
1238   26163  1.000000 
1005   2990  1.000000 
1308   6100  1.000000 
48   5791  1.000000 
765   20222  1.000000 
497   20222  1.000000 
1407   3026  1.000000 
583   17705  1.000000 
115   20222  1.000000 
1087   26163  1.000000 
80   17705  1.000000 
568   3026  0.857000 
341   20222  1.000000 
685   26163  1.000000 
685   5903  1.000000 
1211   3026  1.000000 
715   17840  1.000000 
1308   3026  1.000000 
798   3026  0.857000 
893   26326  1.000000 
348   20222  1.000000 
93   26163  1.000000 
883   26328  1.000000 
122   20222  1.000000 
594   26163  1.000000 
1363   3026  1.000000 
1053   26163  1.000000 
35   20222  1.000000 
270   3026  1.000000 
9   9232  1.000000 
24   26163  1.000000 
1176   3026  1.000000 
139   20222  1.000000 
1004   1733  1.000000 
6   26163  1.000000 
934   2990  0.500000 
934   2993  0.500000 
446   3026  1.000000 
1375   3026  1.000000 
30   9232  1.000000 
864   6140  1.000000 
685   26343  1.000000 
267   17705  1.000000 
1350   26163  1.000000 
126   3026  1.000000 
771   20222  1.000000 
817   6215  1.000000 
1167   26163  1.000000 
788   26163  1.000000 
650   17705  1.000000 
395   3026  0.857000 
25   3026  0.800000 
525   20222  1.000000 
920   4712  1.000000 
996   26163  1.000000 
9   9136  1.000000 
886   26163  1.000000 
1394   3024  1.000000 
401   3026  1.000000 
1262   26163  1.000000 
583   3026  1.000000 
790   26327  1.000000 
1189   6114  1.000000 
983   26331  1.000000 
560   17705  1.000000 
732   3026  1.000000 
1306   3026  1.000000 
71   3135  1.000000 
1352   26163  1.000000 
1190   3634  1.000000 
867   26328  1.000000 
665   3026  1.000000 
1039   5882  1.000000 
1108   20073  1.000000 
152   20222  1.000000 
1234   3026  1.000000 
329   17705  1.000000 
916   26328  1.000000 
1032   3124  1.000000 
1358   3024  1.000000 
813   6216  1.000000 
1024   1733  1.000000 
1019   4716  1.000000 
121   26163  1.000000 
317   3026  1.000000 
1053   2993  1.000000 
932   26163  1.000000 
22   13266  1.000000 
321   17705  1.000000 
561   26163  1.000000 
618   17705  1.000000 
429   20222  1.000000 
191   5791  1.000000 
2   17686  1.000000 
1002   6163  1.000000 
1217   3026  1.000000 
1207   26163  1.000000 
833   26163  1.000000 
1111   26163  1.000000 
1153   6162  1.000000 
1034   26163  1.000000 
1234   6115  1.000000 
1030   26329  1.000000 
293   17705  1.000000 
718   17840  1.000000 
1060   3063  1.000000 
991   2993  1.000000 
821   26163  1.000000 
1240   26163  1.000000 
967   3026  0.750000 
1265   5877  1.000000 
945   3065  1.000000 
883   3026  1.000000 
772   3026  1.000000 
1378   3024  1.000000 
45   26163  1.000000 
1101   2972  1.000000 
520   3026  1.000000 
1368   3026  1.000000 
336   3026  0.857000 
645   26163  1.000000 
33   20222  1.000000 
1248   6115  1.000000 
1058   2993  1.000000 
521   20222  1.000000 
870   3026  1.000000 
777   3026  0.833000 
113   3026  1.000000 
915   3026  0.750000 
915   2970  0.250000 
763   3026  1.000000 
890   26163  1.000000 
1254   3026  1.000000 
1307   26163  1.000000 
734   26339  1.000000 
918   2992  1.000000 
412   20222  1.000000 
239   3026  1.000000 
653   17705  1.000000 
1080   26163  1.000000 
934   26163  1.000000 
884   14355  1.000000 
1276   3024  1.000000 
968   3026  1.000000 
835   6228  1.000000 
1184   3634  1.000000 
959   26328  1.000000 
1164   3026  1.000000 
1003   6140  1.000000 
463   20222  1.000000 
726   20222  1.000000 
103   20222  1.000000 
778   20222  1.000000 
1088   26163  1.000000 
769   3860  1.000000 
189   3026  1.000000 
517   17705  1.000000 
1425   3026  1.000000 
41   2993  1.000000 
552   3026  1.000000 
261   17705  1.000000 
861   6140  1.000000 
596   26163  1.000000 
122   17705  1.000000 
693   20222  1.000000 
63   20222  1.000000 
828   20222  1.000000 
1222   6115  1.000000 
55   17705  1.000000 
668   26163  1.000000 
1149   3026  1.000000 
1325   6105  1.000000 
896   14355  1.000000 
296   20222  1.000000 
987   3124  1.000000 
379   3026  0.857000 
361   20222  1.000000 
993   2992  1.000000 
380   3026  1.000000 
827   26328  1.000000 
715   20222  1.000000 
890   2989  1.000000 
1034   3026  1.000000 
23   3026  1.000000 
1010   6140  1.000000 
1171   26163  1.000000 
961   26163  1.000000 
386   20222  1.000000 
752   3842  1.000000 
1040   6140  0.500000 
1040   3124  0.500000 
567   26163  1.000000 
912   6106  1.000000 
420   20222  1.000000 
368   17705  1.000000 
614   26163  1.000000 
552   26163  1.000000 
1243   6162  1.000000 
1372   3024  1.000000 
1356   2993  1.000000 
937   2993  1.000000 
437   17705  1.000000 
892   26163  1.000000 
536   17705  1.000000 
845   26328  1.000000 
396   20222  1.000000 
878   26328  1.000000 
1310   6100  1.000000 
1175   3700  1.000000 
872   26328  1.000000 
762   3854  1.000000 
141   17705  1.000000 
662   26163  1.000000 
608   20222  1.000000 
1411   3024  0.500000 
1011   26163  1.000000 
332   3026  1.000000 
238   17705  1.000000 
169   17705  1.000000 
1221   6115  1.000000 
413   20222  1.000000 
138   17705  1.000000 
1128   26163  1.000000 
256   3026  1.000000 
913   26326  1.000000 
790   3026  0.833000 
6   20222  1.000000 
988   26163  1.000000 
1001   6163  1.000000 
18   6163  1.000000 
1109   3026  1.000000 
979   3135  1.000000 
990   2993  1.000000 
768   3026  1.000000 
853   20222  1.000000 
51   3026  0.800000 
441   17705  1.000000 
1008   2990  1.000000 
889   3026  1.000000 
1295   3024  1.000000 
892   5902  1.000000 
1250   6242  1.000000 
571   26163  1.000000 
914   26326  1.000000 
536   3026  1.000000 
933   26335  1.000000 
379   20222  1.000000 
796   3026  0.857000 
1069   2988  1.000000 
417   3026  1.000000 
1291   6099  1.000000 
131   3026  1.000000 
307   3026  1.000000 
1246   3026  1.000000 
24   9232  1.000000 
1392   3026  1.000000 
1006   2990  1.000000 
1215   14664  1.000000 
1046   1733  1.000000 
676   3026  1.000000 
1405   3026  1.000000 
949   2987  1.000000 
28   26344  1.000000 
1148   6115  1.000000 
483   17705  1.000000 
904   3026  1.000000 
1235   26163  1.000000 
779   20222  1.000000 
1002   2990  1.000000 
32   2990  1.000000 
786   26163  1.000000 
573   26163  1.000000 
766   6406  1.000000 
854   20222  1.000000 
12   3026  1.000000 
1006   26330  1.000000 
1066   4573  1.000000 
582   3026  0.857000 
660   4695  1.000000 
867   3026  0.800000 
763   26163  1.000000 
1046   26163  1.000000 
1071   2970  1.000000 
1349   3024  1.000000 
84   26163  1.000000 
989   4716  1.000000 
993   3026  1.000000 
1295   26163  1.000000 
977   3026  0.750000 
1233   3026  0.667000 
565   17705  1.000000 
223   17705  1.000000 
1139   26163  1.000000 
1028   3026  0.667000 
1204   3026  1.000000 
1274   3026  1.000000 
79   26163  1.000000 
1020   1733  1.000000 
507   20222  1.000000 
681   26163  1.000000 
674   26343  1.000000 
1287   3026  1.000000 
992   3062  1.000000 
652   17705  1.000000 
766   26163  1.000000 
20   17686  1.000000 
463   3026  1.000000 
56   26163  1.000000 
486   20222  1.000000 
1081   2993  1.000000 
1182   3634  1.000000 
902   14355  1.000000 
914   5893  1.000000 
37   20222  1.000000 
733   26163  1.000000 
625   26163  1.000000 
921   2991  1.000000 
1117   18087  1.000000 
928   3026  0.667000 
928   2971  0.333000 
806   6217  1.000000 
656   4619  1.000000 
847   20222  1.000000 
190   20222  1.000000 
1248   3026  1.000000 
338   3026  1.000000 
964   3026  0.750000 
137   3026  1.000000 
54   3026  0.800000 
275   20222  1.000000 
100   26163  1.000000 
1237   26163  1.000000 
836   3026  1.000000 
783   20222  1.000000 
1312   26163  1.000000 
884   2990  1.000000 
941   2987  1.000000 
468   17705  1.000000 
1075   18080  1.000000 
1062   26163  1.000000 
1013   26163  1.000000 
76   2990  1.000000 
1221   3026  0.750000 
505   17705  1.000000 
404   20222  1.000000 
904   4142  1.000000 
628   26163  1.000000 
918   5894  1.000000 
1023   1733  1.000000 
1328   3024  1.000000 
520   17705  1.000000 
1003   2990  1.000000 
911   14355  1.000000 
1003   6163  1.000000 
71   20222  1.000000 
83   3026  0.800000 
679   4695  1.000000 
744   26323  1.000000 
960   6140  1.000000 
915   4712  1.000000 
18   9232  1.000000 
1410   3024  1.000000 
1150   3026  1.000000 
925   3026  1.000000 
878   2993  1.000000 
842   3004  1.000000 
55   2993  1.000000 
858   5882  1.000000 
589   20222  1.000000 
83   17705  1.000000 
746   3026  1.000000 
1013   3135  1.000000 
908   26326  1.000000 
829   26328  1.000000 
132   26163  1.000000 
1242   14368  1.000000 
807   26327  1.000000 
740   3014  1.000000 
701   26163  1.000000 
95   26163  1.000000 
101   20222  1.000000 
1248   26163  1.000000 
29   3062  1.000000 
1067   4573  1.000000 
637   17705  1.000000 
170   3026  0.857000 
1014   2990  1.000000 
178   20222  1.000000 
711   26163  1.000000 
976   3019  1.000000 
821   6216  1.000000 
1026   6140  1.000000 
990   2992  1.000000 
124   2991  1.000000 
134   3026  1.000000 
833   3026  1.000000 
927   4506  1.000000 
692   3026  0.833000 
590   20222  1.000000 
1054   3063  1.000000 
816   6216  1.000000 
1057   2993  1.000000 
982   26163  1.000000 
107   17705  1.000000 
148   20222  1.000000 
15   3026  1.000000 
767   20222  1.000000 
1193   26164  1.000000 
832   6228  1.000000 
938   2990  0.500000 
938   2987  0.500000 
950   2990  0.500000 
987   26163  1.000000 
1261   26163  1.000000 
417   17705  1.000000 
357   20222  1.000000 
1183   6162  1.000000 
820   3026  1.000000 
1268   5825  1.000000 
1031   3026  1.000000 
764   26326  1.000000 
344   17705  1.000000 
671   3026  1.000000 
191   20222  1.000000 
475   3026  1.000000 
1414   3026  1.000000 
1408   3026  1.000000 
857   20222  1.000000 
997   1733  1.000000 
558   26163  1.000000 
37   3026  1.000000 
38   2990  1.000000 
957   26163  1.000000 
1107   18084  1.000000 
638   3026  1.000000 
1215   26163  1.000000 
909   1733  1.000000 
757   3026  1.000000 
892   14355  1.000000 
455   3026  0.857000 
785   3026  1.000000 
112   3026  1.000000 
378   20222  1.000000 
546   3026  1.000000 
1240   6178  1.000000 
912   2990  1.000000 
44   17705  1.000000 
966   3349  1.000000 
930   3026  1.000000 
667   17705  1.000000 
1326   3026  1.000000 
889   6140  1.000000 
242   17705  1.000000 
1076   3026  1.000000 
57   9232  1.000000 
640   3026  1.000000 
483   20222  1.000000 
784   3026  0.833000 
992   3124  1.000000 
506   17705  1.000000 
1418   3026  1.000000 
1069   26163  1.000000 
17   26163  1.000000 
45   5791  1.000000 
1143   26163  1.000000 
808   3026  0.857000 
412   3026  1.000000 
35   9232  1.000000 
978   6140  1.000000 
1294   3024  1.000000 
1078   3026  1.000000 
58   2993  1.000000 
321   20222  1.000000 
985   3124  1.000000 
431   20222  1.000000 
1379   3024  1.000000 
1321   3024  1.000000 
893   6140  1.000000 
71   26163  1.000000 
604   3026  1.000000 
1282   26163  1.000000 
432   3026  1.000000 
1336   26163  1.000000 
829   26163  1.000000 
889   26325  1.000000 
831   3026  1.000000 
939   2987  0.500000 
939   3065  0.500000 
1112   26163  1.000000 
1220   14664  1.000000 
414   17705  1.000000 
1122   5889  1.000000 
1015   26163  1.000000 
727   26163  1.000000 
1266   3026  1.000000 
224   3026  1.000000 
37   26343  1.000000 
1007   26163  1.000000 
340   3026  0.857000 
46   3026  1.000000 
79   3026  0.800000 
446   17705  1.000000 
639   17705  1.000000 
1256   26163  1.000000 
176   20222  1.000000 
41   3026  1.000000 
1241   6177  1.000000 
372   20222  1.000000 
970   2991  1.000000 
857   2989  1.000000 
1284   26163  1.000000 
883   2989  1.000000 
619   3026  1.000000 
716   17840  1.000000 
1329   3024  1.000000 
479   17705  1.000000 
774   3026  1.000000 
318   17705  1.000000 
382   17705  1.000000 
842   26163  1.000000 
365   20222  1.000000 
273   20222  1.000000 
877   6140  1.000000 
2   3026  1.000000 
63   2990  1.000000 
35   5791  1.000000 
816   20222  1.000000 
32   17705  1.000000 
638   26163  1.000000 
123   17705  1.000000 
1021   26331  1.000000 
64   9232  1.000000 
643   3026  0.857000 
616   20222  1.000000 
1185   3026  1.000000 
550   26163  1.000000 
1028   3026  0.667000 
414   20222  1.000000 
205   17705  1.000000 
866   20222  1.000000 
709   4009  1.000000 
1340   26163  1.000000 
1051   4573  1.000000 
1279   5816  1.000000 
1032   3026  1.000000 
782   6411  1.000000 
288   3026  0.857000 
937   26329  1.000000 
1033   6140  1.000000 
1028   1733  1.000000 
1045   3026  1.000000 
910   26326  1.000000 
1137   18088  1.000000 
1058   2992  1.000000 
931   2993  0.500000 
931   2990  0.500000 
1129   18088  1.000000 
1285   4067  1.000000 
1428   3026  1.000000 
1131   26163  1.000000 
29   17692  1.000000 
902   4142  1.000000 
1358   26163  1.000000 
1197   3641  1.000000 
762   3026  1.000000 
970   2993  1.000000 
413   17705  1.000000 
33   9232  1.000000 
1143   3026  1.000000 
1360   3024  1.000000 
665   26163  1.000000 
464   3026  1.000000 
303   3026  1.000000 
115   17705  1.000000 
1310   26163  1.000000 
995   2992  1.000000 
1057   4573  1.000000 
1098   26163  1.000000 
1233   26163  1.000000 
385   20222  1.000000 
1097   2992  1.000000 
51   3026  0.800000 
581   26163  1.000000 
17   6163  1.000000 
589   17705  1.000000 
818   26328  1.000000 
1314   6101  1.000000 
920   5894  1.000000 
899   2990  1.000000 
52   17705  1.000000 
718   20222  1.000000 
469   17705  1.000000 
906   13254  1.000000 
1281   3024  1.000000 
389   20222  1.000000 
804   26163  1.000000 
1008   3026  0.667000 
1041   2993  1.000000 
203   3026  0.833000 
797   3026  1.000000 
321   3026  0.857000 
250   3026  1.000000 
1026   4716  1.000000 
1031   2993  1.000000 
801   13176  1.000000 
388   20222  1.000000 
989   3124  1.000000 
212   20222  1.000000 
169   3026  1.000000 
259   17705  1.000000 
140   3026  1.000000 
591   20222  1.000000 
1044   2990  1.000000 
1012   3135  1.000000 
995   6140  1.000000 
235   3026  1.000000 
1250   3024  1.000000 
1037   26163  1.000000 
921   3030  1.000000 
277   20222  1.000000 
1098   3026  0.750000 
47   9232  1.000000 
948   3026  1.000000 
53   17705  1.000000 
325   20222  1.000000 
843   26163  1.000000 
150   3026  1.000000 
432   17705  1.000000 
141   5791  1.000000 
400   3026  1.000000 
932   26335  1.000000 
153   3026  1.000000 
872   26163  1.000000 
1196   6162  1.000000 
375   20222  1.000000 
1144   6115  1.000000 
141   20222  1.000000 
568   17705  1.000000 
874   2989  1.000000 
930   2990  1.000000 
29   13266  1.000000 
1374   3024  1.000000 
981   3026  1.000000 
1219   26163  1.000000 
634   3026  1.000000 
53   3026  1.000000 
22   17686  1.000000 
996   2992  1.000000 
1007   6163  1.000000 
884   2989  1.000000 
783   6411  1.000000 
955   3221  1.000000 
905   26326  1.000000 
621   3026  1.000000 
995   26330  1.000000 
764   3855  1.000000 
848   2972  1.000000 
888   6140  1.000000 
105   3026  1.000000 
1034   1733  1.000000 
425   3026  0.857000 
1179   3026  1.000000 
769   26327  1.000000 
200   3026  1.000000 
899   3014  1.000000 
157   3026  1.000000 
1423   3024  1.000000 
868   3124  1.000000 
1281   5816  1.000000 
707   26165  1.000000 
521   3026  1.000000 
917   4712  1.000000 
891   5902  1.000000 
825   6228  1.000000 
802   3026  0.857000 
21   9232  1.000000 
1282   3024  1.000000 
132   20222  1.000000 
427   20222  1.000000 
873   3030  1.000000 
928   26163  1.000000 
27   26344  1.000000 
1272   3024  1.000000 
933   2992  1.000000 
257   3026  1.000000 
1121   26163  1.000000 
1269   3024  1.000000 
140   17705  1.000000 
67   3026  1.000000 
1026   26330  1.000000 
1235   3026  1.000000 
623   17705  1.000000 
856   26163  1.000000 
956   3026  0.750000 
895   26326  1.000000 
149   5791  1.000000 
916   26163  1.000000 
26   17696  1.000000 
1209   6162  1.000000 
1404   3024  0.500000 
885   20703  1.000000 
848   26328  1.000000 
454   17705  1.000000 
1315   26163  1.000000 
208   17705  1.000000 
1050   1733  1.000000 
920   3031  1.000000 
669   4695  1.000000 
511   17705  1.000000 
294   20222  1.000000 
699   26163  1.000000 
1214   6162  1.000000 
555   3026  1.000000 
795   26163  1.000000 
900   2990  1.000000 
33   26163  1.000000 
538   26163  1.000000 
847   26328  1.000000 
397   3026  1.000000 
727   3026  1.000000 
335   20222  1.000000 
903   2990  1.000000 
725   26163  1.000000 
290   20222  1.000000 
200   20222  1.000000 
742   20222  1.000000 
830   26163  1.000000 
659   17705  1.000000 
766   26327  1.000000 
736   26338  1.000000 
131   20222  1.000000 
378   3026  1.000000 
219   20222  1.000000 
1206   26163  1.000000 
735   26163  1.000000 
426   3026  1.000000 
323   17705  1.000000 
620   3026  0.857000 
1104   26163  1.000000 
484   17705  1.000000 
50   20222  1.000000 
119   2992  1.000000 
799   3026  1.000000 
1110   3014  1.000000 
93   2990  1.000000 
841   26163  1.000000 
932   2993  0.500000 
932   2990  0.500000 
1018   3026  0.667000 
385   17705  1.000000 
720   3026  1.000000 
851   26328  1.000000 
16   26163  1.000000 
341   3026  0.833000 
1012   2990  1.000000 
919   5894  1.000000 
86   3026  1.000000 
785   20222  1.000000 
150   17705  1.000000 
1079   26163  1.000000 
1257   3026  1.000000 
1275   2988  1.000000 
1067   26163  1.000000 
587   26163  1.000000 
946   26327  1.000000 
1022   6140  1.000000 
662   3026  1.000000 
780   26327  1.000000 
754   3844  1.000000 
1053   3026  1.000000 
921   26163  1.000000 
5   9217  1.000000 
1273   3014  1.000000 
349   17705  1.000000 
1306   3024  1.000000 
952   2992  1.000000 
541   26163  1.000000 
1007   2991  1.000000 
1229   26163  1.000000 
92   20222  1.000000 
132   3026  1.000000 
966   3026  1.000000 
1020   3026  0.667000 
610   20222  1.000000 
884   26328  1.000000 
1021   2990  1.000000 
43   26163  1.000000 
61   2993  1.000000 
1047   26163  1.000000 
406   3026  0.714000 
918   3026  1.000000 
824   20222  1.000000 
827   20222  1.000000 
585   26163  1.000000 
839   26163  1.000000 
999   2991  1.000000 
1216   26163  1.000000 
583   26163  1.000000 
98   26163  1.000000 
312   20222  1.000000 
894   3026  1.000000 
781   3026  1.000000 
758   26163  1.000000 
618   20222  1.000000 
1124   26163  1.000000 
5   9232  1.000000 
305   3026  1.000000 
1118   26163  1.000000 
863   26328  1.000000 
775   26163  1.000000 
1197   6162  1.000000 
254   20222  1.000000 
1212   26163  1.000000 
559   17705  1.000000 
630   4619  1.000000 
1027   2990  1.000000 
1066   3059  0.500000 
69   20222  1.000000 
607   20222  1.000000 
1105   2988  1.000000 
243   17705  1.000000 
339   17705  1.000000 
1355   3026  0.750000 
1177   3635  1.000000 
272   17705  1.000000 
792   13172  1.000000 
627   17705  1.000000 
192   3026  1.000000 
1144   26163  1.000000 
958   3026  1.000000 
622   3026  0.857000 
1253   6115  1.000000 
1155   3026  1.000000 
861   26163  1.000000 
979   3026  0.500000 
483   3026  1.000000 
456   17705  1.000000 
1203   3026  1.000000 
803   20222  1.000000 
313   20222  1.000000 
949   26329  1.000000 
742   3056  1.000000 
879   2993  1.000000 
776   26163  1.000000 
846   26328  1.000000 
1331   3026  0.750000 
649   3026  1.000000 
1297   6161  1.000000 
577   17705  1.000000 
1103   18084  1.000000 
1048   26163  1.000000 
721   20222  1.000000 
58   3026  1.000000 
712   20222  1.000000 
441   20222  1.000000 
1004   26163  1.000000 
1357   3059  1.000000 
846   20222  1.000000 
748   20222  1.000000 
1027   3026  1.000000 
565   26163  1.000000 
690   20222  1.000000 
1081   18082  1.000000 
739   26163  1.000000 
724   17839  1.000000 
1333   3024  1.000000 
990   3026  1.000000 
551   20222  1.000000 
1262   3026  1.000000 
647   3026  1.000000 
851   2971  1.000000 
917   26163  1.000000 
63   3026  1.000000 
743   3026  1.000000 
632   4619  1.000000 
798   26163  1.000000 
763   26326  1.000000 
715   3026  0.857000 
1037   3124  1.000000 
714   17840  1.000000 
1001   1733  1.000000 
25   17696  1.000000 
563   3026  1.000000 
1217   14664  1.000000 
1268   4080  1.000000 
833   26328  1.000000 
938   26329  1.000000 
1396   3024  1.000000 
702   20222  1.000000 
1096   2992  1.000000 
149   20222  1.000000 
991   2991  1.000000 
229   20222  1.000000 
1283   26163  1.000000 
811   6216  1.000000 
1241   3026  0.667000 
328   17705  1.000000 
681   26343  1.000000 
1113   3026  1.000000 
676   4695  1.000000 
654   26163  1.000000 
978   26163  1.000000 
857   3026  0.800000 
587   17705  1.000000 
551   26163  1.000000 
163   20222  1.000000 
795   20222  1.000000 
50   17705  1.000000 
109   20222  1.000000 
919   26163  1.000000 
218   17705  1.000000 
551   3026  1.000000 
1043   2991  1.000000 
59   2990  1.000000 
228   3026  1.000000 
975   3124  0.500000 
975   2993  0.500000 
75   3026  0.800000 
60   26163  1.000000 
931   4080  1.000000 
1303   6100  1.000000 
579   20222  1.000000 
227   3026  1.000000 
852   26328  1.000000 
1283   3024  1.000000 
1274   3014  1.000000 
648   4535  1.000000 
1038   26163  1.000000 
845   3026  0.667000 
838   6228  1.000000 
1397   3024  1.000000 
962   3135  1.000000 
971   3026  0.750000 
1029   1733  0.500000 
753   26163  1.000000 
1051   2990  1.000000 
1202   3026  1.000000 
907   2990  1.000000 
905   2990  1.000000 
1169   3026  1.000000 
466   17705  1.000000 
348   3026  1.000000 
790   20222  1.000000 
1099   3026  1.000000 
594   20222  1.000000 
1134   3026  1.000000 
1175   3026  1.000000 
888   14355  1.000000 
1132   26163  1.000000 
851   2973  1.000000 
1233   3026  0.667000 
1241   26163  1.000000 
202   20222  1.000000 
1279   26163  1.000000 
1066   3026  1.000000 
1245   14349  1.000000 
991   3026  1.000000 
589   3026  1.000000 
723   26163  1.000000 
1002   3026  0.667000 
847   26163  1.000000 
1226   14664  1.000000 
1431   3024  1.000000 
900   5902  1.000000 
1165   3026  1.000000 
1344   2972  1.000000 
584   20222  1.000000 
795   26327  1.000000 
172   3026  0.714000 
557   17705  1.000000 
1061   6140  1.000000 
317   17705  1.000000 
66   2990  1.000000 
731   26163  1.000000 
816   26328  1.000000 
882   2989  1.000000 
949   3026  1.000000 
64   3026  0.800000 
808   26327  1.000000 
8   9136  1.000000 
536   20222  1.000000 
98   20222  1.000000 
728   17719  1.000000 
242   3026  1.000000 
1244   6162  1.000000 
224   20222  1.000000 
597   17705  1.000000 
1231   3026  1.000000 
161   3026  1.000000 
1258   6239  1.000000 
959   6140  1.000000 
515   17705  1.000000 
32   20222  1.000000 
1   2973  1.000000 
1348   26163  1.000000 
547   26163  1.000000 
1066   3059  0.500000 
26   6163  1.000000 
494   17705  1.000000 
1181   26163  1.000000 
1300   26163  1.000000 
240   20222  1.000000 
21   4571  1.000000 
1190   3026  1.000000 
1278   3024  1.000000 
731   20222  1.000000 
669   26163  1.000000 
1363   3024  1.000000 
248   17705  1.000000 
545   17705  1.000000 
61   9232  1.000000 
1035   2992  1.000000 
777   18074  1.000000 
1088   3026  1.000000 
598   20222  1.000000 
1068   3030  1.000000 
977   6140  1.000000 
21   3135  1.000000 
857   26328  1.000000 
534   17705  1.000000 
761   20222  1.000000 
34   26163  1.000000 
1109   26163  1.000000 
658   3026  1.000000 
59   3026  1.000000 
88   20222  1.000000 
573   3026  1.000000 
240   3026  1.000000 
1000   1733  1.000000 
979   6140  1.000000 
337   3026  1.000000 
121   3026  1.000000 
425   17705  1.000000 
1289   3026  1.000000 
1016   6140  1.000000 
17   9232  1.000000 
281   3026  1.000000 
895   26163  1.000000 
692   3026  0.833000 
1013   2990  1.000000 
1228   6115  1.000000 
156   5791  1.000000 
620   17705  1.000000 
1281   3026  1.000000 
1091   3026  1.000000 
920   26163  1.000000 
601   17705  1.000000 
44   9232  1.000000 
767   3026  1.000000 
234   17705  1.000000 
121   17705  1.000000 
700   3026  1.000000 
1319   6103  1.000000 
40   9232  1.000000 
441   3026  0.714000 
1069   3063  1.000000 
1215   3026  1.000000 
860   2989  1.000000 
904   2990  1.000000 
812   26163  1.000000 
27   3062  1.000000 
54   2993  1.000000 
308   17705  1.000000 
37   26163  1.000000 
570   20222  1.000000 
195   3026  0.857000 
749   3026  1.000000 
206   3026  1.000000 
704   3026  1.000000 
260   20222  1.000000 
847   2972  1.000000 
116   20222  1.000000 
101   3026  1.000000 
943   3026  1.000000 
866   26163  1.000000 
374   3026  0.857000 
887   20703  1.000000 
484   3026  1.000000 
806   3026  0.857000 
961   6140  1.000000 
648   26163  1.000000 
897   26163  1.000000 
919   3031  1.000000 
928   2990  0.500000 
928   2993  0.500000 
929   4043  1.000000 
110   20222  1.000000 
462   3026  1.000000 
285   3026  0.857000 
923   26329  1.000000 
83   20222  1.000000 
1335   4044  1.000000 
1225   26163  1.000000 
291   17705  1.000000 
1051   1733  1.000000 
666   26163  1.000000 
1301   26163  1.000000 
1345   3026  1.000000 
1126   18088  1.000000 
515   20222  1.000000 
819   20222  1.000000 
111   2993  1.000000 
782   20222  1.000000 
757   26163  1.000000 
861   26328  1.000000 
982   3135  1.000000 
705   20222  1.000000 
828   3026  1.000000 
243   3026  1.000000 
201   3026  0.857000 
1168   26163  1.000000 
118   2992  1.000000 
1034   3124  1.000000 
985   3135  1.000000 
349   3026  1.000000 
95   17705  1.000000 
376   20222  1.000000 
271   17705  1.000000 
205   3026  0.857000 
889   14355  1.000000 
366   3026  1.000000 
198   17705  1.000000 
1221   3026  0.750000 
357   3026  0.857000 
8   9232  1.000000 
320   20222  1.000000 
1095   18083  1.000000 
108   2993  1.000000 
225   3026  1.000000 
282   20222  1.000000 
353   17705  1.000000 
357   3026  0.857000 
743   3041  1.000000 
717   3026  0.857000 
1181   6162  1.000000 
1016   2990  1.000000 
1429   3026  1.000000 
961   2990  1.000000 
20   9232  1.000000 
130   17705  1.000000 
1311   3026  1.000000 
934   2990  0.500000 
934   2993  0.500000 
504   17705  1.000000 
675   26163  1.000000 
1096   18084  1.000000 
4   3026  1.000000 
586   3026  0.857000 
901   5902  1.000000 
1046   3026  1.000000 
39   3026  1.000000 
821   26328  1.000000 
1048   2992  1.000000 
1299   26163  1.000000 
1231   26163  1.000000 
959   2990  1.000000 
277   3026  1.000000 
1244   26163  1.000000 
226   3026  1.000000 
264   17705  1.000000 
349   20222  1.000000 
1063   3026  1.000000 
440   3026  1.000000 
941   2988  1.000000 
627   5802  1.000000 
811   20222  1.000000 
316   3026  1.000000 
259   3026  0.857000 
263   3026  0.857000 
1105   18084  1.000000 
385   3026  1.000000 
858   2992  1.000000 
805   6237  1.000000 
475   17705  1.000000 
285   3026  0.857000 
1015   2990  1.000000 
1182   3026  1.000000 
460   3026  1.000000 
1336   4506  1.000000 
1151   18092  1.000000 
353   20222  1.000000 
1177   6162  1.000000 
531   26162  1.000000 
921   26329  1.000000 
449   17705  1.000000 
752   3026  1.000000 
923   2993  1.000000 
478   3026  1.000000 
978   26332  1.000000 
155   17705  1.000000 
89   3026  1.000000 
79   17705  1.000000 
1063   26163  1.000000 
298   17705  1.000000 
220   20222  1.000000 
164   3026  1.000000 
595   17705  1.000000 
236   3026  1.000000 
159   17705  1.000000 
405   17705  1.000000 
1133   18088  1.000000 
215   17705  1.000000 
666   3026  1.000000 
897   2992  1.000000 
805   3026  1.000000 
144   5791  1.000000 
1026   1733  1.000000 
686   5903  1.000000 
1134   18088  1.000000 
91   17705  1.000000 
949   2993  1.000000 
780   3026  0.833000 
588   20222  1.000000 
623   3026  1.000000 
28   26163  1.000000 
1084   18082  1.000000 
65   17705  1.000000 
1029   3124  1.000000 
710   18005  1.000000 
1147   6115  1.000000 
1402   3024  1.000000 
665   26343  1.000000 
867   26163  1.000000 
998   2991  1.000000 
1296   3026  1.000000 
724   26163  1.000000 
937   3014  1.000000 
10   17686  1.000000 
1183   3634  1.000000 
986   6163  1.000000 
398   20222  1.000000 
1056   26163  1.000000 
