21   5591  1.000000 
521   6135  1.000000 
1388   3134  0.600000 
1403   3134  0.857000 
1403   12963  0.143000 
1424   5591  1.000000 
1267   3032  1.000000 
1369   3134  0.500000 
1351   12963  0.333000 
1351   3134  0.333000 
622   12940  1.000000 
754   3193  1.000000 
1384   27375  1.000000 
1001   2964  1.000000 
1192   5590  1.000000 
1395   3134  0.800000 
1178   3134  1.000000 
1285   12963  1.000000 
590   2843  0.500000 
422   5591  1.000000 
456   5393  1.000000 
1343   12963  0.667000 
1343   3134  0.333000 
136   5591  1.000000 
1141   2964  1.000000 
40   12963  1.000000 
1024   2964  1.000000 
531   5881  1.000000 
1211   5591  1.000000 
217   12963  1.000000 
936   5756  1.000000 
565   2843  1.000000 
464   5591  1.000000 
1341   2988  1.000000 
134   5392  1.000000 
1257   3134  1.000000 
3   5591  0.500000 
227   5591  1.000000 
1419   3134  0.667000 
1419   12963  0.167000 
1431   3134  0.800000 
222   5392  1.000000 
1361   3022  1.000000 
765   13188  1.000000 
1142   2964  1.000000 
923   2964  1.000000 
1303   3022  1.000000 
1048   2964  1.000000 
1240   2964  1.000000 
1241   27377  1.000000 
601   2964  1.000000 
1418   3134  0.833000 
1418   12963  0.167000 
818   2843  1.000000 
127   3134  1.000000 
593   2964  0.667000 
948   2843  1.000000 
1434   3134  1.000000 
1115   2843  1.000000 
558   2964  1.000000 
431   5591  1.000000 
1286   12963  0.500000 
1286   3134  0.500000 
826   2843  1.000000 
1323   12963  0.167000 
1323   3134  0.667000 
830   5755  1.000000 
1145   3112  0.143000 
1145   2964  0.714000 
1145   3121  0.143000 
1284   5393  0.500000 
1284   5591  0.500000 
51   3134  1.000000 
92   3134  1.000000 
1424   3134  0.429000 
1424   12963  0.429000 
871   13190  1.000000 
522   2599  1.000000 
300   12963  1.000000 
860   27379  1.000000 
1330   27377  1.000000 
797   2843  1.000000 
51   5591  1.000000 
1186   12939  1.000000 
14   12963  1.000000 
717   19037  1.000000 
871   2843  1.000000 
331   5591  0.500000 
639   2964  1.000000 
838   2843  1.000000 
177   3134  1.000000 
1266   27377  1.000000 
196   5591  1.000000 
1418   5591  1.000000 
879   2964  1.000000 
275   3134  0.500000 
275   12963  0.500000 
1121   3121  0.111000 
1121   2964  0.889000 
177   5392  1.000000 
1083   2843  1.000000 
351   3134  1.000000 
1307   3022  1.000000 
1406   27377  1.000000 
374   3134  1.000000 
534   5404  1.000000 
1238   5393  1.000000 
576   2964  1.000000 
959   5756  1.000000 
1230   3022  1.000000 
756   2843  1.000000 
7   3134  1.000000 
1310   5591  1.000000 
202   5591  1.000000 
375   5591  1.000000 
851   2843  0.500000 
805   13200  1.000000 
337   3134  0.250000 
337   12963  0.500000 
1401   3124  1.000000 
243   5591  1.000000 
517   12963  1.000000 
1067   2964  1.000000 
290   3134  1.000000 
1271   3134  1.000000 
1028   2843  1.000000 
1295   27377  1.000000 
1436   5591  1.000000 
533   2843  1.000000 
995   2964  1.000000 
1231   2993  1.000000 
1362   3134  1.000000 
504   3134  1.000000 
440   12963  1.000000 
744   2964  1.000000 
118   12963  1.000000 
1239   3134  1.000000 
218   12963  1.000000 
1392   11911  1.000000 
1421   5591  1.000000 
293   3134  0.167000 
293   12963  0.667000 
711   2843  0.500000 
1437   27377  1.000000 
25   12963  0.857000 
25   3134  0.143000 
807   2964  1.000000 
176   12963  1.000000 
1223   3134  0.500000 
531   3134  1.000000 
336   3134  1.000000 
1381   27377  1.000000 
1312   3134  0.750000 
289   5591  1.000000 
235   3134  1.000000 
1252   5591  1.000000 
429   3134  1.000000 
1095   2843  1.000000 
830   2677  1.000000 
463   5393  1.000000 
1039   2964  1.000000 
894   1061  1.000000 
431   12963  1.000000 
316   12963  1.000000 
901   2964  1.000000 
1269   2993  0.333000 
1269   3023  0.667000 
64   5591  1.000000 
195   3134  1.000000 
500   5390  1.000000 
525   2964  1.000000 
28   3134  0.167000 
28   12963  0.833000 
1272   2988  1.000000 
1341   12963  1.000000 
448   3134  1.000000 
19   12963  0.500000 
1302   2992  1.000000 
1073   2843  1.000000 
939   5756  1.000000 
808   4030  1.000000 
182   5591  1.000000 
682   19045  1.000000 
536   2843  1.000000 
895   2843  1.000000 
493   5591  1.000000 
77   12963  1.000000 
617   2964  1.000000 
348   3134  1.000000 
978   2843  1.000000 
806   5755  1.000000 
1145   3112  0.143000 
1145   2964  0.714000 
1145   3121  0.143000 
1319   12963  1.000000 
80   12963  1.000000 
600   6160  1.000000 
972   2843  1.000000 
1308   5591  1.000000 
1376   12963  0.667000 
1376   3134  0.333000 
279   5591  1.000000 
746   6194  1.000000 
1254   5889  1.000000 
485   5393  1.000000 
159   12963  0.833000 
161   12963  1.000000 
91   12963  1.000000 
711   2843  0.500000 
354   5591  1.000000 
172   12963  0.714000 
859   2964  1.000000 
908   13188  1.000000 
375   12963  1.000000 
636   2964  0.833000 
1304   5393  1.000000 
456   5591  1.000000 
544   3024  1.000000 
297   12963  1.000000 
703   2964  0.833000 
904   2843  1.000000 
1423   3134  1.000000 
1034   2843  1.000000 
1335   3134  0.600000 
1335   12963  0.200000 
775   13189  1.000000 
785   2964  1.000000 
807   4030  1.000000 
524   5881  1.000000 
1048   2843  1.000000 
333   12963  1.000000 
1276   5591  1.000000 
857   13190  1.000000 
924   5789  1.000000 
436   5591  1.000000 
510   5388  1.000000 
587   2843  1.000000 
921   2677  0.143000 
921   2964  0.714000 
77   5392  1.000000 
962   2964  1.000000 
1302   3134  1.000000 
1310   3022  1.000000 
636   2964  0.833000 
858   2843  1.000000 
176   5392  0.500000 
176   5591  0.500000 
1   12963  0.667000 
438   3134  1.000000 
1119   3088  0.111000 
1119   2964  0.889000 
1403   3138  1.000000 
542   2964  1.000000 
1028   5789  1.000000 
837   2843  1.000000 
538   2964  1.000000 
15   12963  0.500000 
15   3134  0.500000 
58   5591  1.000000 
436   12963  0.333000 
436   3134  0.667000 
114   5591  1.000000 
878   2677  1.000000 
487   3134  1.000000 
298   12963  0.800000 
863   2964  1.000000 
1352   3134  0.667000 
740   2964  1.000000 
266   3134  0.500000 
417   3134  1.000000 
705   2964  1.000000 
535   2966  1.000000 
1026   2843  1.000000 
1390   11911  1.000000 
908   5756  1.000000 
23   5392  1.000000 
1304   3022  1.000000 
1172   2964  1.000000 
1418   3134  0.833000 
1418   12963  0.167000 
586   6115  1.000000 
784   13200  1.000000 
762   2964  1.000000 
742   6194  1.000000 
1117   3121  0.111000 
1117   2964  0.889000 
133   5392  1.000000 
1225   2964  1.000000 
717   2843  0.500000 
1240   3022  1.000000 
1349   27375  1.000000 
1182   2843  1.000000 
1228   27377  1.000000 
845   2843  1.000000 
847   2964  0.833000 
525   3134  1.000000 
441   5393  1.000000 
545   3014  1.000000 
1352   5591  1.000000 
821   4030  1.000000 
1144   2964  0.875000 
1165   20224  1.000000 
1377   12963  0.667000 
1377   3134  0.333000 
913   1061  1.000000 
896   2843  1.000000 
410   12963  0.500000 
410   3134  0.500000 
976   2843  1.000000 
1343   5591  1.000000 
1290   5591  1.000000 
1010   10710  0.500000 
1010   2843  0.500000 
728   2964  1.000000 
852   2843  1.000000 
1172   2843  1.000000 
1429   27377  1.000000 
973   2843  1.000000 
1234   27377  1.000000 
1166   5725  0.500000 
1166   2843  0.500000 
296   3134  1.000000 
1247   2964  1.000000 
594   2964  1.000000 
877   4569  1.000000 
556   2843  1.000000 
52   12963  0.750000 
409   3134  1.000000 
533   2964  1.000000 
684   19045  1.000000 
1426   3134  0.800000 
18   12963  1.000000 
729   2964  1.000000 
1421   3134  0.333000 
1421   12963  0.667000 
98   12963  1.000000 
1042   2843  1.000000 
951   2843  1.000000 
371   5591  1.000000 
323   12963  0.750000 
759   2843  0.500000 
296   5591  1.000000 
1270   5590  1.000000 
749   2964  1.000000 
1197   11910  1.000000 
1064   2964  1.000000 
515   5591  1.000000 
1165   5881  0.500000 
1165   2993  0.500000 
1257   5889  1.000000 
1018   5789  1.000000 
820   2677  1.000000 
981   2964  1.000000 
1070   3037  1.000000 
1366   12963  0.750000 
524   3136  1.000000 
1225   6115  1.000000 
201   12963  1.000000 
1268   5590  1.000000 
170   5591  1.000000 
149   3134  1.000000 
504   5591  1.000000 
1273   2992  1.000000 
642   2843  1.000000 
955   2964  1.000000 
1283   3124  1.000000 
842   2677  1.000000 
1355   5591  1.000000 
1373   3022  1.000000 
1295   12963  1.000000 
516   3134  1.000000 
878   2843  1.000000 
354   3134  1.000000 
1405   3134  0.333000 
1405   12963  0.667000 
1346   12963  1.000000 
1256   5590  1.000000 
960   2843  1.000000 
426   12963  1.000000 
531   3037  1.000000 
1351   27375  1.000000 
256   3134  1.000000 
29   5392  1.000000 
1244   3134  1.000000 
1323   12963  0.167000 
1323   3134  0.667000 
1288   5393  1.000000 
1297   3134  0.750000 
843   2677  1.000000 
1148   2843  1.000000 
1314   27377  1.000000 
1202   5591  1.000000 
188   5591  1.000000 
572   4043  1.000000 
1252   5889  1.000000 
1333   5591  1.000000 
327   3134  1.000000 
1393   3134  0.714000 
1393   12963  0.143000 
501   2992  1.000000 
1291   12963  0.333000 
1291   3134  0.667000 
86   5591  1.000000 
1186   5389  0.500000 
1186   5391  0.500000 
1221   6105  1.000000 
860   2843  1.000000 
1132   2964  1.000000 
659   2964  1.000000 
1404   3134  0.833000 
1404   12963  0.167000 
877   2843  1.000000 
1163   2843  1.000000 
1060   2991  1.000000 
119   5392  1.000000 
932   2843  1.000000 
1165   5437  1.000000 
1221   2967  1.000000 
695   19043  1.000000 
1408   12963  0.600000 
1408   3134  0.400000 
338   3134  1.000000 
252   5392  1.000000 
1303   2993  1.000000 
526   3138  1.000000 
1253   5889  1.000000 
918   2843  1.000000 
1077   2843  1.000000 
923   2964  1.000000 
675   2843  0.500000 
260   5392  1.000000 
96   5392  1.000000 
1416   27375  1.000000 
1363   2988  1.000000 
523   3134  1.000000 
890   2677  1.000000 
151   3134  1.000000 
279   3134  1.000000 
830   2964  1.000000 
833   2964  1.000000 
1382   27377  1.000000 
1387   12963  0.167000 
1387   3134  0.833000 
38   5591  1.000000 
101   12963  1.000000 
410   12963  0.500000 
410   3134  0.500000 
474   5393  1.000000 
174   12963  0.833000 
1298   3134  0.667000 
1295   5591  1.000000 
1421   27377  1.000000 
882   2843  1.000000 
171   5591  1.000000 
1342   5591  0.500000 
343   3134  0.500000 
3   3134  1.000000 
1274   2992  1.000000 
158   3134  1.000000 
843   3132  1.000000 
1307   12963  1.000000 
44   5392  1.000000 
992   2964  1.000000 
1376   3022  1.000000 
711   19039  1.000000 
317   12963  0.800000 
317   3134  0.200000 
1228   2964  1.000000 
1169   2993  1.000000 
833   2677  1.000000 
990   2964  1.000000 
260   5591  1.000000 
1102   2843  1.000000 
1185   5389  1.000000 
644   22349  1.000000 
301   5591  1.000000 
782   2843  1.000000 
382   3134  1.000000 
1218   3134  1.000000 
1236   27377  1.000000 
270   12963  1.000000 
568   3046  1.000000 
827   2677  1.000000 
1393   5591  1.000000 
124   5591  1.000000 
1325   12963  1.000000 
1299   5393  1.000000 
1196   12963  1.000000 
352   3134  0.200000 
352   12963  0.800000 
903   13188  1.000000 
601   2843  1.000000 
1277   27375  1.000000 
9   12963  0.714000 
1371   27375  1.000000 
469   12963  1.000000 
402   12963  1.000000 
730   19033  1.000000 
211   12963  1.000000 
544   3024  1.000000 
621   12940  1.000000 
1238   2993  1.000000 
239   12963  1.000000 
1128   2964  0.667000 
1128   3121  0.333000 
75   12963  0.250000 
75   3134  0.750000 
1293   3134  1.000000 
1247   3134  1.000000 
556   3014  1.000000 
1418   12963  1.000000 
1138   2964  1.000000 
592   2843  1.000000 
399   5591  1.000000 
834   13190  1.000000 
552   2843  1.000000 
554   3112  1.000000 
1282   3032  1.000000 
1261   5888  1.000000 
1248   27377  1.000000 
741   2843  1.000000 
1221   5591  1.000000 
888   2964  1.000000 
203   5591  1.000000 
525   5881  1.000000 
1060   2843  1.000000 
25   3134  1.000000 
1219   5393  1.000000 
1173   5727  1.000000 
917   2843  1.000000 
1289   3134  0.333000 
1289   12963  0.333000 
1289   15422  0.333000 
1274   5881  0.500000 
1274   3022  0.500000 
672   2843  1.000000 
440   5393  1.000000 
1303   5393  1.000000 
1399   3134  1.000000 
909   13188  1.000000 
1413   5591  0.500000 
611   2843  1.000000 
1405   5591  0.500000 
857   2964  1.000000 
1286   12963  0.500000 
1286   3136  0.500000 
1262   3022  1.000000 
254   3134  1.000000 
688   2843  1.000000 
1220   2966  1.000000 
160   3134  1.000000 
556   3112  0.667000 
556   2964  0.333000 
1025   2964  1.000000 
730   2964  1.000000 
242   3134  1.000000 
1404   3134  0.333000 
1404   12963  0.667000 
287   3134  1.000000 
264   3134  0.667000 
264   12963  0.333000 
536   5881  1.000000 
457   3134  1.000000 
65   5591  1.000000 
1388   3062  1.000000 
1248   5591  1.000000 
484   3134  1.000000 
124   3134  1.000000 
1262   5590  1.000000 
1263   2966  0.333000 
1263   3017  0.667000 
443   3134  1.000000 
1290   3022  1.000000 
611   2964  0.833000 
934   2843  1.000000 
162   5591  1.000000 
676   2843  1.000000 
1423   3134  0.500000 
1423   12963  0.500000 
1338   27377  1.000000 
1360   2974  1.000000 
1072   2964  1.000000 
194   3134  1.000000 
226   5591  1.000000 
1004   5789  1.000000 
1045   2843  1.000000 
1321   3134  0.857000 
266   12963  0.750000 
1022   5789  1.000000 
1317   2974  1.000000 
1049   2964  1.000000 
175   5591  1.000000 
43   5392  1.000000 
1297   12963  0.667000 
415   12963  0.800000 
409   12963  0.833000 
409   3134  0.167000 
861   13190  1.000000 
1386   3134  0.800000 
914   2964  0.833000 
941   2843  1.000000 
1081   2843  1.000000 
617   2843  1.000000 
1387   12963  1.000000 
357   12963  1.000000 
696   2964  1.000000 
653   2964  0.833000 
1150   3121  1.000000 
1210   5591  1.000000 
1268   3134  1.000000 
479   5591  1.000000 
1256   3134  0.500000 
1256   12963  0.500000 
226   12963  1.000000 
713   2843  1.000000 
1171   11923  1.000000 
677   19047  1.000000 
702   2964  1.000000 
852   2964  0.833000 
389   3134  1.000000 
1269   5591  1.000000 
792   13200  1.000000 
1233   5899  1.000000 
1211   12963  0.500000 
1267   3022  1.000000 
386   5392  1.000000 
114   3134  1.000000 
1307   3134  0.800000 
1422   3134  0.714000 
1422   12963  0.286000 
528   5388  1.000000 
527   3134  1.000000 
538   5881  1.000000 
1391   11911  1.000000 
500   3134  1.000000 
824   2677  1.000000 
585   2964  1.000000 
557   3014  1.000000 
336   5591  0.500000 
1345   5393  0.500000 
1345   5591  0.500000 
268   3134  1.000000 
1120   2843  1.000000 
766   2964  1.000000 
72   5392  1.000000 
804   13200  1.000000 
732   19031  1.000000 
1012   5789  1.000000 
1268   3024  1.000000 
1361   5393  1.000000 
554   2964  0.500000 
1422   3134  0.714000 
1422   12963  0.286000 
548   2971  1.000000 
1216   6115  1.000000 
1140   2843  1.000000 
998   2843  1.000000 
58   3134  1.000000 
289   3134  1.000000 
124   12963  1.000000 
1312   5393  1.000000 
191   3134  1.000000 
1311   5393  1.000000 
712   19038  1.000000 
1074   2843  1.000000 
900   2964  1.000000 
225   12963  1.000000 
401   3134  1.000000 
430   12963  0.667000 
430   3134  0.167000 
795   4676  1.000000 
1307   5591  1.000000 
1283   3024  1.000000 
1236   3134  1.000000 
1372   12963  1.000000 
1270   5881  1.000000 
1331   5393  1.000000 
302   12963  1.000000 
609   2843  1.000000 
179   3134  1.000000 
829   2677  1.000000 
1316   3134  1.000000 
266   12963  0.750000 
1228   3059  1.000000 
842   2843  1.000000 
659   19047  1.000000 
1169   2993  1.000000 
99   3134  1.000000 
1213   2964  1.000000 
611   4467  1.000000 
1132   2843  1.000000 
458   3134  1.000000 
1417   3134  0.333000 
1417   12963  0.333000 
1342   27375  1.000000 
383   3134  1.000000 
707   2964  1.000000 
1221   3124  0.500000 
1221   3134  0.500000 
518   15422  0.500000 
518   3134  0.500000 
638   2843  0.500000 
1193   5590  1.000000 
443   12963  1.000000 
1306   12963  0.667000 
911   2964  1.000000 
713   2964  1.000000 
1245   3134  0.500000 
1389   11911  1.000000 
436   5393  1.000000 
1377   12963  0.200000 
1377   3134  0.800000 
815   2964  1.000000 
1428   12963  1.000000 
1417   3134  1.000000 
620   2843  0.500000 
912   5756  1.000000 
763   4700  0.500000 
763   2843  0.500000 
1379   3022  1.000000 
883   4569  1.000000 
867   2677  1.000000 
979   2964  1.000000 
1340   5591  0.500000 
1218   3017  1.000000 
1392   5591  1.000000 
325   5591  1.000000 
634   12942  1.000000 
952   5789  1.000000 
377   3134  1.000000 
866   2843  1.000000 
1316   5393  1.000000 
227   5392  1.000000 
917   2964  0.857000 
412   5393  0.500000 
412   5591  0.500000 
818   2677  1.000000 
534   2966  1.000000 
852   2677  1.000000 
1430   12963  0.833000 
1430   3134  0.167000 
630   2964  1.000000 
1281   5591  0.500000 
104   12963  1.000000 
107   3134  1.000000 
674   2964  1.000000 
1046   2843  1.000000 
1195   2964  1.000000 
884   2677  1.000000 
1166   2993  1.000000 
1325   3022  1.000000 
223   5591  1.000000 
869   5789  1.000000 
559   2843  1.000000 
45   3134  0.667000 
1354   27375  1.000000 
515   12963  0.500000 
515   3134  0.500000 
475   12963  1.000000 
635   12942  1.000000 
76   5392  1.000000 
663   2964  1.000000 
1407   3134  0.667000 
1407   12963  0.167000 
1220   3134  1.000000 
512   5591  1.000000 
1147   2843  1.000000 
1240   2993  1.000000 
845   3132  1.000000 
887   2843  1.000000 
405   3134  1.000000 
1205   16736  1.000000 
1083   2964  1.000000 
769   2843  1.000000 
975   2843  1.000000 
1437   5591  0.500000 
180   3134  1.000000 
375   3134  1.000000 
909   2964  1.000000 
1298   5591  1.000000 
1328   5393  1.000000 
832   2843  0.500000 
810   4030  1.000000 
197   5591  1.000000 
1298   2988  1.000000 
445   12963  1.000000 
869   13190  1.000000 
733   2843  1.000000 
1233   2993  1.000000 
532   3032  1.000000 
1408   3134  1.000000 
353   12963  0.333000 
353   3134  0.667000 
184   3134  1.000000 
1211   3112  0.167000 
1211   2964  0.833000 
27   3134  0.143000 
27   12963  0.714000 
764   13188  1.000000 
50   5392  1.000000 
547   3032  0.500000 
547   9849  0.500000 
1249   5591  1.000000 
665   19050  1.000000 
550   3120  1.000000 
670   2964  1.000000 
495   5591  1.000000 
574   2964  1.000000 
362   5591  1.000000 
1159   3017  1.000000 
1225   27377  1.000000 
511   3134  0.500000 
511   12963  0.500000 
816   5755  1.000000 
671   2843  1.000000 
530   6135  0.500000 
530   3135  0.500000 
1021   5789  1.000000 
361   3134  1.000000 
323   12963  0.750000 
515   2966  1.000000 
1233   3134  1.000000 
434   5393  1.000000 
576   5892  1.000000 
1284   3124  0.333000 
1284   3134  0.333000 
1284   3138  0.333000 
1000   2843  1.000000 
1330   3134  0.250000 
1330   12963  0.500000 
298   12963  0.800000 
664   19050  1.000000 
1301   3022  1.000000 
880   13189  1.000000 
1310   3134  0.500000 
1310   12963  0.500000 
514   3134  1.000000 
944   2843  1.000000 
1277   3135  1.000000 
47   3134  1.000000 
1254   5591  1.000000 
10   3134  1.000000 
810   5755  1.000000 
9   3134  1.000000 
1234   5899  1.000000 
1376   27375  1.000000 
1143   2964  0.889000 
1143   2965  0.111000 
368   5591  1.000000 
50   12963  1.000000 
142   5591  1.000000 
890   2964  1.000000 
492   3134  1.000000 
1213   27373  1.000000 
1387   12963  0.167000 
1387   3134  0.833000 
1281   2993  1.000000 
1178   2964  1.000000 
524   3112  1.000000 
1260   5889  1.000000 
1271   5881  1.000000 
1240   5393  1.000000 
177   12963  1.000000 
410   12963  0.800000 
865   5756  1.000000 
1136   2964  1.000000 
478   5393  1.000000 
280   5591  1.000000 
759   2843  0.500000 
954   2964  1.000000 
905   2964  0.833000 
118   5591  1.000000 
531   2964  1.000000 
798   2964  1.000000 
545   3032  1.000000 
96   3134  1.000000 
1078   5308  1.000000 
246   12963  1.000000 
739   2843  1.000000 
911   3198  1.000000 
342   3134  1.000000 
1295   3124  1.000000 
1148   2964  1.000000 
826   4030  1.000000 
719   19037  1.000000 
1103   2964  1.000000 
747   2843  0.500000 
407   5393  1.000000 
1339   5591  1.000000 
793   6135  1.000000 
771   3112  1.000000 
672   19047  1.000000 
964   2843  0.500000 
631   12942  1.000000 
509   3023  1.000000 
370   5392  1.000000 
820   5755  1.000000 
657   19048  1.000000 
848   2843  1.000000 
587   2964  0.833000 
490   12963  1.000000 
835   13190  1.000000 
1179   2964  0.833000 
834   2964  1.000000 
939   2843  1.000000 
370   3134  1.000000 
931   2964  0.857000 
1175   3124  1.000000 
1299   3134  1.000000 
484   3134  0.167000 
484   12963  0.833000 
853   13190  1.000000 
1397   12963  1.000000 
647   2964  1.000000 
1293   5393  1.000000 
439   5591  1.000000 
468   3134  0.200000 
468   12963  0.800000 
879   2677  1.000000 
1359   5591  1.000000 
614   2964  1.000000 
536   3124  1.000000 
917   5756  1.000000 
1402   3134  1.000000 
964   2964  1.000000 
8   5591  1.000000 
612   2964  1.000000 
1127   2843  0.667000 
1215   3121  1.000000 
1275   5881  1.000000 
158   12963  1.000000 
964   5756  1.000000 
573   2964  1.000000 
794   13200  1.000000 
709   2843  1.000000 
1183   5389  1.000000 
273   12963  1.000000 
26   12963  0.500000 
26   3134  0.500000 
198   5591  0.500000 
1332   12963  0.500000 
1332   3134  0.500000 
1166   2991  1.000000 
1251   27377  1.000000 
540   11923  1.000000 
782   2964  1.000000 
183   3134  1.000000 
925   5756  1.000000 
1423   5591  1.000000 
537   5881  1.000000 
890   2843  1.000000 
1279   2992  1.000000 
1089   2964  1.000000 
1348   5591  1.000000 
632   2843  0.500000 
1127   2843  0.667000 
906   1061  1.000000 
1181   3134  1.000000 
1253   3124  1.000000 
1105   2843  1.000000 
1178   3124  1.000000 
1346   3022  1.000000 
433   3134  0.400000 
433   12963  0.600000 
165   5591  1.000000 
1220   6115  1.000000 
335   3134  1.000000 
1219   5591  1.000000 
374   5591  1.000000 
1355   3134  1.000000 
509   5591  1.000000 
1405   5591  0.500000 
1388   11911  1.000000 
649   2964  0.833000 
1340   5591  0.500000 
870   2964  1.000000 
667   19050  1.000000 
1271   27375  1.000000 
1313   5393  1.000000 
1223   5591  1.000000 
929   2843  1.000000 
289   12963  0.800000 
858   2964  1.000000 
147   12963  1.000000 
1427   12963  1.000000 
1258   2964  0.667000 
1258   3112  0.333000 
1086   2964  1.000000 
1240   5591  1.000000 
89   3134  1.000000 
1229   5393  1.000000 
93   3134  1.000000 
943   5789  1.000000 
1377   27375  1.000000 
938   2964  1.000000 
212   12963  0.833000 
644   2964  1.000000 
633   2964  0.833000 
549   2988  1.000000 
938   2843  1.000000 
759   2964  0.833000 
692   2964  1.000000 
1049   2843  1.000000 
1002   2964  1.000000 
466   12963  1.000000 
1178   2843  1.000000 
343   5591  1.000000 
211   5392  1.000000 
1160   2843  0.500000 
1265   27377  1.000000 
407   5591  1.000000 
1117   2843  0.667000 
1352   27375  1.000000 
824   5755  1.000000 
968   2964  0.857000 
1225   5591  1.000000 
1040   2843  1.000000 
266   5591  1.000000 
585   2843  1.000000 
1299   27377  1.000000 
57   5591  1.000000 
304   3134  1.000000 
1294   5591  1.000000 
104   5392  1.000000 
885   13189  1.000000 
493   3136  0.250000 
493   12963  0.750000 
542   5881  1.000000 
1272   3112  1.000000 
60   12963  1.000000 
183   12963  0.667000 
989   2843  1.000000 
1315   3022  1.000000 
1400   3124  1.000000 
1279   12963  1.000000 
776   13189  1.000000 
1311   5591  1.000000 
1264   2964  1.000000 
1130   2843  1.000000 
1195   1161  1.000000 
444   12963  0.750000 
1086   2843  0.333000 
1086   4700  0.333000 
492   5591  1.000000 
400   12963  0.333000 
400   3134  0.667000 
488   5591  1.000000 
230   5591  1.000000 
1204   16736  1.000000 
1416   3134  0.667000 
1416   12963  0.333000 
705   2843  1.000000 
240   3134  0.200000 
240   12963  0.800000 
835   2964  1.000000 
907   13188  1.000000 
760   27393  1.000000 
1256   27377  1.000000 
334   5591  1.000000 
1121   2843  1.000000 
913   5756  1.000000 
1241   3134  1.000000 
1230   2964  1.000000 
1128   2843  1.000000 
768   2964  1.000000 
548   3017  1.000000 
1257   5590  1.000000 
950   5789  1.000000 
525   3124  1.000000 
889   4569  1.000000 
714   2964  1.000000 
1015   5789  1.000000 
1227   3062  1.000000 
1304   2992  1.000000 
1117   2843  0.667000 
1312   12963  1.000000 
51   5392  1.000000 
482   12963  1.000000 
1179   5389  1.000000 
216   3134  1.000000 
212   12963  0.833000 
511   5591  1.000000 
447   5393  1.000000 
494   3134  1.000000 
390   12963  1.000000 
941   2964  0.857000 
847   2964  0.833000 
1225   3135  1.000000 
1147   3121  0.125000 
1147   2964  0.625000 
1147   2965  0.250000 
1240   27377  1.000000 
1175   12940  1.000000 
1379   27376  1.000000 
1263   5887  1.000000 
113   5591  1.000000 
1087   2964  1.000000 
1207   6160  1.000000 
557   2964  0.750000 
368   12963  0.833000 
110   3134  1.000000 
1233   2964  1.000000 
610   2964  1.000000 
849   2964  1.000000 
1082   2964  1.000000 
21   12963  1.000000 
198   3134  1.000000 
1338   3134  0.750000 
1338   12963  0.250000 
337   3134  1.000000 
1310   3134  0.500000 
1310   12963  0.500000 
1209   5591  1.000000 
314   3134  1.000000 
1121   3121  0.111000 
1121   2964  0.889000 
1070   2843  1.000000 
1230   27377  1.000000 
589   2964  1.000000 
773   13189  1.000000 
1186   12963  1.000000 
1297   3138  1.000000 
326   3134  1.000000 
1321   5393  1.000000 
781   13189  1.000000 
151   5591  1.000000 
1196   5590  1.000000 
654   2964  1.000000 
81   5392  1.000000 
83   3134  1.000000 
773   2843  1.000000 
400   12963  1.000000 
1422   5591  1.000000 
54   5591  1.000000 
12   12963  0.857000 
12   3134  0.143000 
1171   2992  0.500000 
1171   2993  0.500000 
1055   2964  1.000000 
1174   12940  1.000000 
331   5591  0.500000 
109   5591  1.000000 
777   3017  1.000000 
962   2843  1.000000 
1384   5591  1.000000 
568   2843  1.000000 
1156   2843  1.000000 
539   2843  1.000000 
1264   5591  1.000000 
378   5591  1.000000 
122   12963  0.833000 
122   3134  0.167000 
1254   2964  1.000000 
267   12963  1.000000 
1283   3022  1.000000 
93   5591  1.000000 
669   2964  1.000000 
720   19036  1.000000 
1258   3112  0.500000 
1050   5881  1.000000 
148   3134  0.667000 
22   12963  1.000000 
1250   4043  1.000000 
1049   5881  1.000000 
305   3134  1.000000 
1108   2964  1.000000 
1180   5389  1.000000 
870   5789  1.000000 
1300   5393  1.000000 
1311   27377  1.000000 
1400   12963  1.000000 
424   12963  1.000000 
857   2843  1.000000 
1265   2964  1.000000 
451   3134  1.000000 
1204   2964  0.667000 
545   2964  1.000000 
889   2677  1.000000 
1423   3134  0.500000 
1423   12963  0.500000 
608   2964  1.000000 
635   2964  1.000000 
636   2843  1.000000 
703   2843  1.000000 
1324   5591  1.000000 
539   11922  1.000000 
1209   12963  1.000000 
1215   27377  1.000000 
1281   2993  1.000000 
832   3132  1.000000 
1203   5591  1.000000 
223   3134  1.000000 
28   5591  1.000000 
631   2964  1.000000 
157   12963  1.000000 
1429   5591  1.000000 
196   3134  1.000000 
1408   12963  0.600000 
1408   3134  0.400000 
1171   5727  1.000000 
29   3134  0.500000 
29   12963  0.500000 
650   27900  1.000000 
1166   5725  0.500000 
1166   2843  0.500000 
1213   3134  0.500000 
1213   12963  0.500000 
1267   3024  1.000000 
1216   27377  1.000000 
143   3134  1.000000 
135   5591  1.000000 
63   3134  0.167000 
63   12963  0.833000 
527   2993  1.000000 
49   5392  1.000000 
200   5591  0.500000 
129   5392  1.000000 
248   12963  1.000000 
1294   2991  1.000000 
957   2964  1.000000 
766   13189  1.000000 
796   13200  1.000000 
28   5392  1.000000 
1012   2964  1.000000 
544   3014  1.000000 
57   12963  0.833000 
1135   2964  1.000000 
729   2843  1.000000 
840   13190  1.000000 
886   2677  1.000000 
445   5591  1.000000 
260   12963  1.000000 
250   3134  1.000000 
515   12963  0.500000 
515   3134  0.500000 
535   2988  1.000000 
905   2843  1.000000 
478   3134  1.000000 
687   2843  0.500000 
835   2677  1.000000 
1027   2964  0.875000 
1338   2988  1.000000 
974   2964  1.000000 
1366   27377  1.000000 
688   19042  1.000000 
1278   27375  1.000000 
1268   5884  1.000000 
933   2964  1.000000 
1111   2964  0.889000 
1207   5590  1.000000 
575   2964  1.000000 
1314   3022  1.000000 
433   3134  1.000000 
997   2964  1.000000 
1371   5591  1.000000 
192   12963  0.667000 
1093   2843  1.000000 
1290   2993  1.000000 
79   12963  1.000000 
138   5591  1.000000 
13   3134  1.000000 
414   12963  1.000000 
25   12963  0.857000 
25   3134  0.143000 
1278   3022  1.000000 
366   12963  1.000000 
1263   2964  1.000000 
234   12963  0.833000 
234   3134  0.167000 
353   5591  1.000000 
1375   3134  0.333000 
1375   12963  0.667000 
963   2964  1.000000 
1422   12963  1.000000 
837   13190  1.000000 
1283   5591  1.000000 
1202   12963  1.000000 
491   5591  1.000000 
245   12963  1.000000 
62   5591  1.000000 
1401   12963  0.667000 
1401   3134  0.333000 
803   2964  1.000000 
810   13200  1.000000 
506   5388  1.000000 
876   2677  1.000000 
1233   3022  1.000000 
1358   12963  1.000000 
1149   2965  1.000000 
310   3134  1.000000 
1024   2843  1.000000 
378   3134  1.000000 
299   5591  0.500000 
1394   3062  1.000000 
1176   5388  1.000000 
10   12963  1.000000 
1242   5894  1.000000 
403   3134  1.000000 
1192   12963  1.000000 
1123   2843  1.000000 
561   2843  1.000000 
477   5393  1.000000 
73   5591  1.000000 
1188   12963  1.000000 
249   12963  1.000000 
844   13190  1.000000 
674   19047  1.000000 
722   19036  1.000000 
449   12963  0.750000 
522   3138  1.000000 
1436   3134  0.667000 
1436   12963  0.167000 
583   2843  0.500000 
1237   2964  1.000000 
145   5591  1.000000 
1205   5590  1.000000 
102   5392  1.000000 
1232   3022  1.000000 
715   2843  1.000000 
1261   3022  1.000000 
668   2843  0.500000 
681   19046  1.000000 
594   4482  1.000000 
126   3134  0.667000 
975   2843  1.000000 
1227   3134  1.000000 
272   3134  0.200000 
272   12963  0.800000 
29   3134  0.500000 
29   12963  0.500000 
827   13200  1.000000 
1087   2843  1.000000 
1427   5591  1.000000 
1212   2964  0.800000 
1342   3134  0.750000 
898   2964  1.000000 
882   2964  1.000000 
466   5591  1.000000 
832   2964  1.000000 
1164   2993  1.000000 
844   2964  1.000000 
516   3134  0.333000 
516   3138  0.333000 
516   12963  0.333000 
1349   5591  1.000000 
1435   12963  1.000000 
362   3134  1.000000 
1010   2964  1.000000 
1270   3059  1.000000 
1295   3134  1.000000 
1397   11910  1.000000 
990   5789  1.000000 
117   3134  1.000000 
701   19042  1.000000 
1273   27375  1.000000 
1287   12963  1.000000 
1189   5389  1.000000 
529   3135  1.000000 
111   12963  1.000000 
366   5392  1.000000 
1269   2972  1.000000 
1323   27377  1.000000 
1243   2964  1.000000 
556   3112  0.667000 
556   2964  0.333000 
1189   12939  1.000000 
130   3134  1.000000 
206   12963  0.857000 
206   3134  0.143000 
1284   27377  1.000000 
1309   5393  1.000000 
208   12963  1.000000 
356   3134  0.500000 
356   12963  0.500000 
1139   2964  1.000000 
30   3134  0.500000 
30   12963  0.500000 
432   3134  1.000000 
586   2964  1.000000 
1319   5393  1.000000 
1300   3134  1.000000 
1438   12963  0.200000 
1438   3134  0.800000 
1012   2963  1.000000 
927   5756  1.000000 
802   5755  1.000000 
550   2966  1.000000 
181   12963  0.833000 
1194   5391  1.000000 
1313   3134  0.750000 
358   3134  1.000000 
255   12963  1.000000 
635   2843  1.000000 
746   2843  1.000000 
509   12963  1.000000 
895   13189  1.000000 
186   3134  1.000000 
283   5591  1.000000 
1421   3134  0.333000 
1421   12963  0.667000 
174   3134  1.000000 
1296   5591  1.000000 
1319   3022  1.000000 
1050   2964  1.000000 
710   2964  1.000000 
1020   2843  1.000000 
738   2964  1.000000 
419   5393  1.000000 
1259   27377  1.000000 
