331   3116  1.000000 
3   3116  1.000000 
1085   3116  1.000000 
347   3116  1.000000 
838   12909  1.000000 
127   3117  1.000000 
951   6476  1.000000 
1035   12925  1.000000 
1223   3116  1.000000 
672   15616  1.000000 
1043   5925  1.000000 
1115   27922  1.000000 
592   3116  0.875000 
700   3089  0.500000 
700   3117  0.500000 
1058   6480  1.000000 
317   3116  1.000000 
1046   3121  1.000000 
861   3117  0.500000 
861   5798  0.500000 
159   3116  1.000000 
451   3116  1.000000 
236   3117  1.000000 
748   3115  1.000000 
1095   3116  1.000000 
101   3116  1.000000 
807   3116  0.500000 
807   3088  0.500000 
695   5798  1.000000 
1090   5925  1.000000 
1173   5925  1.000000 
1148   26128  1.000000 
703   3117  1.000000 
988   26129  1.000000 
1167   16769  1.000000 
1383   5925  1.000000 
1179   3117  1.000000 
852   3117  1.000000 
515   3116  1.000000 
714   3116  1.000000 
280   3116  1.000000 
848   3088  1.000000 
312   3117  1.000000 
113   3116  1.000000 
928   6617  1.000000 
1026   5925  1.000000 
1189   3117  1.000000 
937   3116  1.000000 
1359   5925  1.000000 
1017   15769  1.000000 
52   3116  1.000000 
1171   16769  1.000000 
476   3116  1.000000 
1112   3116  1.000000 
823   6513  1.000000 
931   3110  1.000000 
55   3113  1.000000 
60   3117  1.000000 
808   3088  1.000000 
905   5859  1.000000 
962   3117  1.000000 
957   9844  1.000000 
1051   21812  1.000000 
638   3117  1.000000 
824   3088  1.000000 
775   3117  0.167000 
775   3116  0.833000 
846   12909  1.000000 
881   3714  1.000000 
1304   16769  1.000000 
103   3116  0.889000 
906   4556  1.000000 
818   3088  1.000000 
634   5938  1.000000 
1118   3116  1.000000 
630   5937  1.000000 
1424   3116  1.000000 
878   3110  1.000000 
919   9844  1.000000 
341   3116  1.000000 
408   3116  0.778000 
186   3116  1.000000 
32   3117  1.000000 
399   3117  1.000000 
29   3116  1.000000 
1210   16769  1.000000 
786   3117  1.000000 
1317   16769  1.000000 
925   5859  1.000000 
1136   27922  1.000000 
886   5938  0.250000 
886   3116  0.750000 
111   3116  1.000000 
686   3089  1.000000 
436   3117  1.000000 
1124   5925  1.000000 
155   3117  1.000000 
712   15616  1.000000 
710   19022  1.000000 
1011   3116  1.000000 
712   3116  0.833000 
754   3116  0.667000 
754   3088  0.167000 
554   3116  1.000000 
176   3116  0.889000 
989   5856  1.000000 
817   3090  1.000000 
155   3116  1.000000 
1305   5925  1.000000 
1153   5925  1.000000 
776   3088  1.000000 
1041   5925  1.000000 
161   3116  1.000000 
974   3116  0.667000 
974   3115  0.333000 
41   3132  1.000000 
1093   3117  1.000000 
1016   3116  1.000000 
1312   3116  1.000000 
717   3110  1.000000 
913   3117  1.000000 
1259   16769  1.000000 
894   19022  1.000000 
114   3116  1.000000 
1395   3116  1.000000 
730   3117  1.000000 
603   3117  1.000000 
1102   3117  1.000000 
880   9844  1.000000 
860   3116  1.000000 
61   3116  1.000000 
985   3117  1.000000 
948   5859  1.000000 
999   3116  1.000000 
1233   5925  1.000000 
1212   16769  1.000000 
1024   21812  1.000000 
717   3089  0.500000 
717   3117  0.500000 
909   4556  1.000000 
194   3116  1.000000 
1225   5925  1.000000 
930   5859  1.000000 
1253   3117  1.000000 
982   5925  1.000000 
1352   5925  1.000000 
1195   16769  1.000000 
245   3117  1.000000 
491   3117  1.000000 
987   3009  1.000000 
955   6516  1.000000 
1049   13162  1.000000 
385   3117  1.000000 
1026   3117  1.000000 
908   5859  1.000000 
1283   3116  1.000000 
1087   27922  1.000000 
931   3116  1.000000 
1320   5925  1.000000 
1192   5925  1.000000 
584   3116  1.000000 
548   3116  1.000000 
717   3089  0.500000 
717   3117  0.500000 
1212   3117  1.000000 
820   5925  1.000000 
841   3117  1.000000 
976   3117  1.000000 
417   3116  0.889000 
894   3110  1.000000 
1007   27922  1.000000 
859   3116  1.000000 
1058   27922  1.000000 
403   3116  1.000000 
853   5925  1.000000 
1123   5925  1.000000 
726   5859  1.000000 
1274   5925  1.000000 
896   3117  1.000000 
893   3116  1.000000 
481   3116  1.000000 
986   6489  1.000000 
979   6493  1.000000 
672   4556  1.000000 
709   3116  0.500000 
709   3117  0.500000 
1145   26125  1.000000 
1211   3116  0.750000 
1074   3117  1.000000 
1261   16769  1.000000 
302   3116  0.875000 
1204   16769  1.000000 
1393   3116  1.000000 
230   3117  1.000000 
567   3117  1.000000 
685   15616  1.000000 
772   3088  1.000000 
1311   5925  1.000000 
1028   21812  1.000000 
1355   22164  1.000000 
862   3116  1.000000 
643   3116  1.000000 
947   3117  1.000000 
811   5750  0.500000 
811   3117  0.500000 
634   3117  0.667000 
634   20003  0.333000 
894   3115  1.000000 
898   3116  1.000000 
315   3116  1.000000 
958   9844  1.000000 
1342   5925  1.000000 
719   5938  0.200000 
719   3116  0.800000 
394   3116  1.000000 
427   3116  1.000000 
307   3117  1.000000 
630   5938  1.000000 
1033   13162  1.000000 
1106   5925  1.000000 
1391   3116  1.000000 
1263   5925  1.000000 
333   3116  1.000000 
1112   16769  1.000000 
690   5798  0.500000 
690   3117  0.500000 
1316   3116  1.000000 
290   3117  1.000000 
411   3116  1.000000 
834   12909  1.000000 
563   3116  1.000000 
621   3116  1.000000 
707   3116  0.800000 
1364   5925  1.000000 
1120   16769  1.000000 
974   3116  0.667000 
974   3115  0.333000 
1270   3116  1.000000 
659   5854  1.000000 
1152   5925  1.000000 
1074   27922  1.000000 
1135   27922  1.000000 
536   3117  1.000000 
1347   16769  1.000000 
853   12909  1.000000 
707   15616  1.000000 
533   3117  1.000000 
880   3116  0.800000 
1113   27922  1.000000 
919   13095  1.000000 
859   5925  1.000000 
1162   6639  1.000000 
686   3116  0.800000 
1332   3116  1.000000 
950   3116  1.000000 
422   3116  1.000000 
684   3116  0.667000 
684   3117  0.167000 
810   3117  0.500000 
810   3116  0.500000 
1238   22384  1.000000 
189   3117  1.000000 
1087   6476  1.000000 
709   3116  0.500000 
709   3117  0.500000 
400   3116  1.000000 
622   5937  0.500000 
647   5938  1.000000 
930   3117  1.000000 
177   3116  1.000000 
1405   5938  1.000000 
1270   5925  1.000000 
1431   3116  1.000000 
1300   3116  1.000000 
605   3117  1.000000 
820   3116  1.000000 
1275   6659  1.000000 
440   3117  1.000000 
831   3088  1.000000 
611   3117  1.000000 
814   3088  1.000000 
699   3089  1.000000 
615   3117  1.000000 
1127   3116  1.000000 
1054   5925  1.000000 
657   3116  1.000000 
1050   27922  1.000000 
1267   16769  1.000000 
1081   27922  1.000000 
51   5938  1.000000 
630   3115  1.000000 
1223   22384  1.000000 
455   3116  0.889000 
1278   3116  1.000000 
1075   27922  1.000000 
1004   27922  1.000000 
424   3117  1.000000 
795   3088  1.000000 
1051   5925  1.000000 
314   3116  1.000000 
1103   13092  1.000000 
690   5798  0.500000 
690   3117  0.500000 
1110   5925  1.000000 
1298   3116  1.000000 
554   3117  1.000000 
338   3116  1.000000 
836   3117  1.000000 
1251   3116  1.000000 
750   5798  1.000000 
981   2967  1.000000 
154   3117  1.000000 
926   5859  1.000000 
725   5798  1.000000 
153   3117  1.000000 
1139   27922  1.000000 
1012   3009  1.000000 
1102   27922  1.000000 
1129   3117  1.000000 
84   3116  0.889000 
1211   3116  0.750000 
845   3117  1.000000 
248   3117  1.000000 
899   3110  1.000000 
978   27925  1.000000 
60   3116  1.000000 
1029   3117  1.000000 
1245   3116  1.000000 
52   3116  1.000000 
977   3116  1.000000 
968   3116  0.667000 
979   3117  1.000000 
773   3117  1.000000 
503   3116  1.000000 
217   3116  1.000000 
684   3116  0.667000 
684   3117  0.167000 
398   3116  1.000000 
986   3109  1.000000 
688   15616  1.000000 
933   9844  1.000000 
1039   13162  1.000000 
705   3117  0.750000 
705   17578  0.250000 
889   3348  1.000000 
1382   5925  1.000000 
20   3133  1.000000 
387   3116  1.000000 
979   3109  1.000000 
625   3110  1.000000 
1222   16769  1.000000 
1200   3116  1.000000 
37   3116  1.000000 
1138   5925  1.000000 
139   3116  1.000000 
313   3117  1.000000 
973   2999  1.000000 
696   15616  1.000000 
1115   3116  1.000000 
886   3117  1.000000 
737   3110  1.000000 
1156   16769  1.000000 
338   3117  1.000000 
718   3117  1.000000 
1367   3116  1.000000 
933   6611  1.000000 
1167   3116  1.000000 
1212   5925  1.000000 
435   3117  1.000000 
1175   16769  1.000000 
980   5925  1.000000 
1360   5925  1.000000 
1347   5925  1.000000 
1248   3116  1.000000 
1082   3116  1.000000 
1381   5925  1.000000 
1121   27922  1.000000 
708   3089  0.500000 
708   3117  0.500000 
134   3116  1.000000 
599   3116  1.000000 
648   3116  1.000000 
832   12909  1.000000 
1356   3116  0.750000 
1379   3116  0.750000 
683   3116  1.000000 
158   3117  1.000000 
677   5867  1.000000 
713   15616  1.000000 
576   3117  1.000000 
481   3117  1.000000 
906   5859  1.000000 
755   3116  1.000000 
958   5750  1.000000 
99   3116  1.000000 
929   4556  1.000000 
362   3117  1.000000 
1201   3117  1.000000 
1192   3117  1.000000 
433   3117  1.000000 
336   3116  0.875000 
13   3116  1.000000 
1288   5925  1.000000 
987   3117  1.000000 
458   3117  1.000000 
1017   5925  1.000000 
1008   6480  1.000000 
1015   27922  1.000000 
799   3116  1.000000 
1313   3116  1.000000 
1283   5925  1.000000 
1272   6659  1.000000 
1273   6659  1.000000 
753   3117  0.143000 
753   3116  0.714000 
598   3116  0.778000 
598   3088  0.111000 
598   3117  0.111000 
196   3117  1.000000 
1155   5925  1.000000 
887   3088  1.000000 
796   3117  1.000000 
978   3109  1.000000 
1022   3117  1.000000 
927   4556  1.000000 
243   3116  1.000000 
1135   5925  1.000000 
552   3117  1.000000 
304   3117  1.000000 
740   4089  1.000000 
616   3110  1.000000 
1017   6480  1.000000 
394   3117  1.000000 
1067   6480  1.000000 
1107   5925  1.000000 
859   3088  1.000000 
949   5859  0.500000 
949   3116  0.500000 
415   3116  0.889000 
1007   6480  1.000000 
1438   3116  1.000000 
1036   12925  1.000000 
720   3116  1.000000 
65   3116  1.000000 
861   5859  0.200000 
861   3116  0.800000 
1105   3116  0.750000 
1012   5925  1.000000 
1248   3117  1.000000 
727   3116  1.000000 
1235   22384  1.000000 
1217   5925  1.000000 
850   3117  1.000000 
870   5929  1.000000 
618   3116  0.800000 
167   3116  1.000000 
910   4556  1.000000 
992   15769  1.000000 
822   3117  1.000000 
936   3117  1.000000 
937   5859  1.000000 
1329   3116  1.000000 
737   3117  1.000000 
1329   5925  1.000000 
832   3088  1.000000 
1178   16769  1.000000 
842   3117  1.000000 
637   5928  0.250000 
637   3116  0.750000 
1357   3116  0.667000 
717   5938  1.000000 
1316   5925  1.000000 
1055   6480  1.000000 
1246   27916  1.000000 
272   3116  1.000000 
988   3116  1.000000 
1142   16769  1.000000 
1275   5925  1.000000 
756   3116  0.857000 
1171   5925  1.000000 
1117   3117  1.000000 
775   3117  1.000000 
1194   16769  1.000000 
741   3116  1.000000 
755   3117  1.000000 
629   5937  1.000000 
1360   3116  0.750000 
806   3088  1.000000 
47   3116  1.000000 
720   15616  1.000000 
600   3088  1.000000 
661   3116  1.000000 
921   6623  1.000000 
17   3116  1.000000 
209   3116  1.000000 
1208   16769  1.000000 
329   3117  1.000000 
1037   27922  1.000000 
33   6814  1.000000 
1275   3116  1.000000 
626   3088  0.200000 
626   3116  0.800000 
885   3117  0.250000 
885   3116  0.750000 
13   3133  1.000000 
1005   5925  1.000000 
746   3116  0.833000 
755   3089  1.000000 
176   3117  1.000000 
865   5925  1.000000 
941   6600  1.000000 
1134   16769  1.000000 
690   3110  1.000000 
663   3117  1.000000 
1262   16769  1.000000 
1276   5925  1.000000 
1119   3117  1.000000 
517   3116  1.000000 
850   12909  1.000000 
22   3132  1.000000 
719   5938  1.000000 
1004   3009  1.000000 
818   5925  1.000000 
1044   13162  1.000000 
1015   3116  1.000000 
609   3117  1.000000 
1157   5925  1.000000 
984   3117  1.000000 
1082   3117  1.000000 
1230   3116  1.000000 
903   5859  1.000000 
761   3117  1.000000 
838   5925  1.000000 
1193   3116  1.000000 
216   3116  1.000000 
1334   16769  1.000000 
1172   3116  1.000000 
693   5798  1.000000 
57   3116  1.000000 
1324   5925  1.000000 
21   3132  1.000000 
911   4556  1.000000 
299   3116  1.000000 
19   3132  1.000000 
920   3116  1.000000 
919   3117  1.000000 
471   3116  1.000000 
29   6109  1.000000 
1031   3009  1.000000 
144   3116  1.000000 
1244   16769  1.000000 
732   5798  1.000000 
534   3116  1.000000 
1118   5925  1.000000 
562   3117  1.000000 
1128   3116  1.000000 
1013   3009  1.000000 
909   3117  1.000000 
1306   16769  1.000000 
1013   3109  1.000000 
347   3117  1.000000 
853   3116  1.000000 
691   5799  1.000000 
1020   3116  1.000000 
470   3117  1.000000 
448   3116  0.875000 
736   3117  1.000000 
592   3117  1.000000 
873   3089  1.000000 
835   3116  0.800000 
835   3117  0.200000 
79   3117  1.000000 
1205   3117  1.000000 
950   3117  1.000000 
505   3116  1.000000 
322   3117  1.000000 
174   3116  1.000000 
1409   3116  1.000000 
832   5925  1.000000 
922   9844  1.000000 
997   26127  1.000000 
1026   3116  1.000000 
690   3116  0.750000 
1123   3117  1.000000 
620   5937  0.500000 
1028   27922  1.000000 
1017   3116  1.000000 
628   3117  1.000000 
432   3117  1.000000 
646   5859  1.000000 
915   6627  1.000000 
339   3117  1.000000 
192   3117  1.000000 
1054   3117  1.000000 
951   5750  1.000000 
702   15616  1.000000 
1215   3116  1.000000 
1230   16769  1.000000 
744   15616  1.000000 
1093   3116  1.000000 
1116   5925  1.000000 
392   3116  1.000000 
730   3116  0.833000 
305   3116  1.000000 
483   3116  1.000000 
900   3089  1.000000 
279   3116  1.000000 
1186   16769  1.000000 
270   3117  1.000000 
1375   5925  1.000000 
1032   3117  1.000000 
835   3116  0.800000 
835   3117  0.200000 
1149   26124  1.000000 
915   9844  1.000000 
897   3117  1.000000 
1161   3117  1.000000 
487   3116  1.000000 
1187   3116  1.000000 
1117   27922  1.000000 
285   3117  1.000000 
951   3116  0.750000 
697   3117  1.000000 
1339   3116  1.000000 
33   3117  1.000000 
244   3117  1.000000 
817   3116  1.000000 
1188   5925  1.000000 
1072   6478  1.000000 
654   15770  1.000000 
743   3117  1.000000 
734   5798  1.000000 
915   3117  1.000000 
416   3116  1.000000 
960   5750  1.000000 
1252   3117  1.000000 
648   5938  1.000000 
734   15616  1.000000 
944   9844  1.000000 
886   5938  0.250000 
886   3116  0.750000 
1295   3116  1.000000 
677   3117  1.000000 
1   3117  1.000000 
1009   3116  1.000000 
218   3116  1.000000 
893   9844  1.000000 
204   3116  0.889000 
587   3116  1.000000 
1160   5925  1.000000 
1118   5925  1.000000 
1293   16769  1.000000 
15   3117  1.000000 
710   3116  0.833000 
8   3136  1.000000 
1085   6476  1.000000 
791   3116  1.000000 
1303   3116  1.000000 
1047   3113  1.000000 
760   3117  1.000000 
258   3116  0.857000 
1109   5925  1.000000 
301   3116  0.875000 
908   3116  1.000000 
238   3116  1.000000 
335   3117  1.000000 
827   5925  1.000000 
165   3117  1.000000 
1394   5925  1.000000 
160   3116  1.000000 
643   5938  1.000000 
895   3115  1.000000 
12   3117  1.000000 
806   3116  0.833000 
806   3088  0.167000 
1426   3116  1.000000 
1246   3116  1.000000 
628   3116  0.750000 
1045   3117  0.500000 
1045   3110  0.500000 
956   6476  1.000000 
990   15769  1.000000 
678   15616  1.000000 
1266   3117  1.000000 
737   3116  0.800000 
967   5750  1.000000 
448   3117  1.000000 
172   3117  1.000000 
1034   3116  1.000000 
108   3117  1.000000 
932   6612  1.000000 
858   3088  1.000000 
1107   3116  1.000000 
83   3116  1.000000 
796   3116  0.667000 
796   3117  0.167000 
370   3116  0.889000 
421   3117  1.000000 
1153   3117  1.000000 
40   5753  1.000000 
1155   16769  1.000000 
17   3117  1.000000 
939   6600  1.000000 
732   3116  0.800000 
751   5798  1.000000 
586   3117  1.000000 
638   3116  1.000000 
255   3116  0.875000 
107   3116  0.889000 
731   5798  1.000000 
646   5870  1.000000 
1180   16769  1.000000 
756   3116  0.857000 
906   9844  1.000000 
434   3117  1.000000 
135   3117  1.000000 
948   3116  1.000000 
731   3117  1.000000 
1191   3116  1.000000 
897   3116  1.000000 
1356   5925  1.000000 
1150   3116  1.000000 
325   3116  1.000000 
1256   16769  1.000000 
993   6484  1.000000 
613   5937  1.000000 
1013   27922  1.000000 
62   5928  0.111000 
62   3116  0.889000 
1363   3116  0.667000 
736   3116  1.000000 
1109   3117  1.000000 
1175   5925  1.000000 
1202   5925  1.000000 
998   15769  1.000000 
608   3117  1.000000 
1181   3116  1.000000 
1103   27922  1.000000 
1280   3116  1.000000 
1197   3117  1.000000 
1128   27922  1.000000 
1068   3116  1.000000 
1277   6659  1.000000 
840   3116  1.000000 
1070   16771  1.000000 
296   3116  1.000000 
892   9844  1.000000 
1185   27918  1.000000 
643   3117  1.000000 
983   3109  1.000000 
185   3117  1.000000 
1202   16769  1.000000 
1005   3116  1.000000 
1149   3117  1.000000 
980   2966  1.000000 
812   3088  1.000000 
1326   16769  1.000000 
623   3117  1.000000 
959   3117  1.000000 
1124   27922  1.000000 
1152   3117  1.000000 
938   3117  0.500000 
938   3110  0.500000 
14   3117  1.000000 
1133   5925  1.000000 
1048   3116  1.000000 
1314   3116  1.000000 
957   3117  1.000000 
233   3117  1.000000 
652   3116  1.000000 
952   5750  1.000000 
1042   13162  1.000000 
1199   3117  1.000000 
641   3117  1.000000 
1055   3117  1.000000 
1354   3116  0.750000 
42   3133  1.000000 
916   6626  1.000000 
529   3116  1.000000 
1241   3117  1.000000 
821   6500  1.000000 
639   3117  1.000000 
908   6512  1.000000 
764   3116  0.857000 
1333   16769  1.000000 
143   3117  1.000000 
598   3117  1.000000 
1166   5925  1.000000 
649   18225  1.000000 
708   19022  0.500000 
708   3117  0.500000 
749   3116  1.000000 
1022   3116  1.000000 
175   3116  1.000000 
668   3117  1.000000 
1160   22151  1.000000 
732   3117  1.000000 
1094   3116  1.000000 
1025   27922  1.000000 
953   5750  1.000000 
50   5883  1.000000 
1064   27922  1.000000 
71   3117  1.000000 
674   4518  1.000000 
525   3116  1.000000 
913   3115  0.250000 
913   3116  0.750000 
903   3116  1.000000 
732   3116  0.800000 
492   3117  1.000000 
1249   3117  1.000000 
765   3089  1.000000 
820   3117  1.000000 
1163   5925  1.000000 
1034   5925  1.000000 
629   3117  1.000000 
742   17578  1.000000 
299   3117  1.000000 
43   2991  1.000000 
1297   3116  1.000000 
9   3117  1.000000 
212   3116  1.000000 
1089   27922  1.000000 
18   3116  1.000000 
1131   27922  1.000000 
970   6628  1.000000 
466   3116  1.000000 
1000   15769  1.000000 
997   5925  1.000000 
955   3117  1.000000 
1122   5925  1.000000 
545   3116  1.000000 
1258   5925  1.000000 
756   3089  1.000000 
666   3117  1.000000 
48   3117  1.000000 
638   5928  0.500000 
638   3116  0.500000 
1055   27922  1.000000 
1002   27921  1.000000 
1416   3116  1.000000 
35   3116  1.000000 
1312   5925  1.000000 
797   3088  1.000000 
703   3116  1.000000 
67   3116  0.875000 
250   3117  1.000000 
210   3117  1.000000 
1185   5925  1.000000 
551   3117  1.000000 
1421   3116  1.000000 
795   3089  1.000000 
34   3117  1.000000 
903   3117  1.000000 
358   3117  1.000000 
915   3116  1.000000 
1025   3089  1.000000 
383   3117  1.000000 
1237   5925  1.000000 
1009   3117  1.000000 
914   3116  1.000000 
1073   3116  1.000000 
1100   3117  1.000000 
1199   3116  1.000000 
1363   5925  1.000000 
1419   3116  1.000000 
513   3116  1.000000 
775   3088  1.000000 
774   3117  1.000000 
1222   3117  1.000000 
833   5925  1.000000 
831   3117  1.000000 
287   3116  1.000000 
488   3117  1.000000 
5   3116  1.000000 
1040   2967  1.000000 
1190   3117  1.000000 
133   3117  1.000000 
1192   3116  1.000000 
1186   3116  1.000000 
806   3116  0.833000 
806   3088  0.167000 
1322   5925  1.000000 
1087   3714  1.000000 
938   3117  0.500000 
938   3110  0.500000 
43   3116  1.000000 
725   3116  0.800000 
725   17750  0.200000 
1317   5925  1.000000 
1180   3116  1.000000 
1143   5925  1.000000 
1247   16769  1.000000 
1186   3067  1.000000 
1171   6662  1.000000 
620   3116  1.000000 
1242   3116  1.000000 
1272   3116  1.000000 
1255   3117  1.000000 
625   5859  1.000000 
943   5265  1.000000 
721   5938  1.000000 
995   5925  1.000000 
1210   5925  1.000000 
1169   6502  1.000000 
478   3117  1.000000 
518   3117  1.000000 
1063   3714  1.000000 
1290   3117  1.000000 
1042   2966  1.000000 
838   3116  0.667000 
989   3117  1.000000 
683   3116  1.000000 
130   3116  1.000000 
660   3116  1.000000 
982   3109  1.000000 
641   3114  1.000000 
1073   5925  1.000000 
1316   16769  1.000000 
206   3116  1.000000 
54   3117  1.000000 
410   3116  1.000000 
424   3116  1.000000 
918   5859  1.000000 
387   3117  1.000000 
1375   3116  1.000000 
840   3088  1.000000 
1220   5925  1.000000 
1155   3117  1.000000 
627   4556  1.000000 
514   3117  1.000000 
893   3110  1.000000 
87   3117  1.000000 
1194   3116  1.000000 
380   3116  0.889000 
651   3117  1.000000 
1131   16769  1.000000 
1054   6480  1.000000 
983   5925  1.000000 
765   3116  1.000000 
958   5859  1.000000 
757   3116  0.833000 
757   3088  0.167000 
264   3116  1.000000 
292   3116  1.000000 
39   3117  1.000000 
689   3117  1.000000 
817   3117  1.000000 
875   12909  1.000000 
664   3113  1.000000 
1097   5925  1.000000 
725   15616  1.000000 
612   5859  1.000000 
748   3116  0.857000 
951   3116  0.750000 
7   3117  1.000000 
318   3116  1.000000 
1146   3117  1.000000 
267   3117  1.000000 
465   3117  1.000000 
941   3115  1.000000 
1373   5925  1.000000 
1006   6480  1.000000 
1216   5925  1.000000 
567   3116  1.000000 
46   3116  1.000000 
345   3117  1.000000 
1236   3116  1.000000 
1237   22384  1.000000 
1092   5925  1.000000 
613   5938  0.200000 
613   3116  0.800000 
1205   5925  1.000000 
1156   5925  1.000000 
419   3116  0.889000 
489   3116  1.000000 
1303   5925  1.000000 
619   3117  1.000000 
810   3117  0.200000 
810   3116  0.800000 
891   5859  1.000000 
1273   3116  1.000000 
914   3117  1.000000 
1171   3117  1.000000 
344   3117  1.000000 
670   3117  1.000000 
64   3117  1.000000 
1057   5925  1.000000 
734   3116  0.833000 
253   3116  1.000000 
977   8034  1.000000 
1111   5859  0.250000 
1111   3116  0.750000 
485   3116  0.889000 
1175   17750  1.000000 
743   17578  1.000000 
1266   3116  1.000000 
1023   3116  1.000000 
871   3089  0.333000 
871   3117  0.667000 
1164   3117  1.000000 
1207   5925  1.000000 
223   3117  1.000000 
1179   16769  1.000000 
960   3117  1.000000 
178   3116  1.000000 
1194   3117  1.000000 
91   3117  1.000000 
572   3116  0.889000 
1053   5925  1.000000 
985   12970  1.000000 
1077   5925  1.000000 
95   3116  1.000000 
697   3089  1.000000 
1271   3116  1.000000 
852   5925  1.000000 
975   3114  1.000000 
176   3116  0.889000 
281   3116  1.000000 
578   3116  0.750000 
1150   26103  1.000000 
716   3117  1.000000 
62   3117  1.000000 
681   3117  1.000000 
686   3116  0.800000 
486   3117  1.000000 
455   3116  0.889000 
946   6096  1.000000 
1189   16769  1.000000 
173   3117  1.000000 
732   3110  1.000000 
979   5925  1.000000 
1009   5925  1.000000 
652   5854  1.000000 
1279   5925  1.000000 
1020   12925  1.000000 
1428   3116  1.000000 
944   6671  1.000000 
912   5859  1.000000 
1302   16769  1.000000 
458   3116  1.000000 
1021   5856  1.000000 
1222   3116  1.000000 
500   3117  1.000000 
729   3117  1.000000 
920   5859  1.000000 
25   3136  1.000000 
1265   5925  1.000000 
468   3117  1.000000 
237   3117  1.000000 
829   3117  1.000000 
430   3116  1.000000 
836   12909  1.000000 
929   14814  1.000000 
1042   27922  1.000000 
370   3117  1.000000 
766   3117  1.000000 
1005   3117  1.000000 
876   12909  1.000000 
1126   3117  1.000000 
991   15769  1.000000 
8   3117  1.000000 
678   17758  1.000000 
1158   3117  1.000000 
234   3116  1.000000 
1138   27922  1.000000 
528   3117  1.000000 
3   3117  1.000000 
913   4556  1.000000 
1114   3116  1.000000 
634   3117  0.667000 
634   20003  0.333000 
847   5925  1.000000 
679   15616  1.000000 
1146   26125  1.000000 
1026   12925  1.000000 
983   3117  1.000000 
1248   5925  1.000000 
684   3117  0.500000 
718   15616  1.000000 
1258   16769  1.000000 
664   3117  1.000000 
1062   3714  1.000000 
1348   5925  1.000000 
1189   3116  1.000000 
698   3089  1.000000 
1274   6659  1.000000 
101   3117  1.000000 
866   5925  1.000000 
673   15616  1.000000 
1078   3117  1.000000 
1003   3116  1.000000 
771   3117  1.000000 
892   3110  1.000000 
1016   6480  1.000000 
889   3110  1.000000 
773   3089  1.000000 
1072   27922  1.000000 
816   5863  1.000000 
1069   3117  1.000000 
1027   3089  1.000000 
495   3116  1.000000 
230   3116  1.000000 
864   3116  0.800000 
864   3117  0.200000 
891   3088  1.000000 
532   3117  1.000000 
485   3116  0.889000 
