1124   5815  1.000000 
854   5814  1.000000 
840   5814  1.000000 
303   5815  1.000000 
1025   5815  1.000000 
517   5815  1.000000 
130   5815  1.000000 
317   5815  1.000000 
1052   5814  1.000000 
985   5815  1.000000 
226   5815  1.000000 
646   5815  1.000000 
1090   4071  1.000000 
162   5815  1.000000 
150   5815  0.667000 
292   5815  1.000000 
803   5814  1.000000 
36   5815  1.000000 
114   5815  1.000000 
1273   5814  1.000000 
256   5815  0.833000 
1308   5815  1.000000 
1313   5815  1.000000 
933   5815  1.000000 
796   5814  1.000000 
269   5815  1.000000 
983   5815  1.000000 
60   5815  1.000000 
217   5815  1.000000 
947   5815  1.000000 
632   5815  1.000000 
1365   5815  1.000000 
894   5815  1.000000 
1112   5815  1.000000 
1189   5815  1.000000 
769   5815  1.000000 
1026   5814  1.000000 
1076   5815  1.000000 
153   5815  1.000000 
900   5815  1.000000 
1170   5815  1.000000 
1251   5815  0.750000 
1083   5814  1.000000 
761   5815  1.000000 
187   5815  1.000000 
182   5815  1.000000 
1079   5814  1.000000 
904   5815  1.000000 
1360   5815  1.000000 
552   5815  1.000000 
1364   5815  1.000000 
1165   5814  1.000000 
662   5815  1.000000 
1004   5814  1.000000 
401   5815  1.000000 
1218   5814  1.000000 
736   5815  1.000000 
1013   5814  1.000000 
66   5815  1.000000 
32   4081  1.000000 
1062   5815  1.000000 
1117   4071  1.000000 
188   5815  0.667000 
1113   5814  1.000000 
1088   4071  1.000000 
756   5815  1.000000 
1084   4071  1.000000 
368   5815  1.000000 
1271   5814  1.000000 
1332   5815  1.000000 
1268   5815  1.000000 
876   5815  1.000000 
95   5815  1.000000 
535   5815  1.000000 
406   5815  1.000000 
1392   5815  1.000000 
34   5815  1.000000 
441   5815  0.800000 
907   4591  1.000000 
1142   5815  1.000000 
154   5815  1.000000 
1056   5814  1.000000 
1017   5814  1.000000 
672   5815  1.000000 
1090   5815  1.000000 
734   5815  0.800000 
375   5815  1.000000 
980   5814  1.000000 
26   3014  1.000000 
1210   5815  1.000000 
1397   5815  1.000000 
980   5815  1.000000 
1151   5815  1.000000 
1117   5815  1.000000 
55   5815  1.000000 
932   5814  1.000000 
1096   5814  1.000000 
1130   5815  1.000000 
619   5815  1.000000 
337   5815  1.000000 
1187   5815  0.667000 
973   4070  1.000000 
791   5814  1.000000 
904   4591  1.000000 
1115   4071  1.000000 
456   5815  1.000000 
692   5815  1.000000 
910   4591  1.000000 
1047   5815  1.000000 
889   5815  1.000000 
1374   5815  1.000000 
1089   4071  1.000000 
940   5814  1.000000 
355   5815  1.000000 
645   5815  1.000000 
1297   5815  1.000000 
295   5815  1.000000 
1134   5814  1.000000 
1350   5815  1.000000 
989   5815  1.000000 
268   5815  1.000000 
7   5815  1.000000 
867   5815  1.000000 
915   4591  1.000000 
377   5815  0.800000 
497   5815  1.000000 
1092   5815  1.000000 
919   5814  1.000000 
1162   5815  1.000000 
1234   5814  1.000000 
65   5815  1.000000 
948   5815  1.000000 
1269   5815  1.000000 
1056   5814  1.000000 
1174   5814  1.000000 
366   5815  0.833000 
849   5815  1.000000 
1135   5814  1.000000 
1322   5815  1.000000 
1108   5815  1.000000 
565   5815  0.800000 
157   5815  1.000000 
170   5815  1.000000 
844   5814  0.500000 
1043   5814  0.600000 
1043   5816  0.200000 
964   5814  0.667000 
814   5814  0.500000 
814   4070  0.500000 
800   5814  1.000000 
962   5815  1.000000 
795   5821  0.333000 
795   5815  0.667000 
178   5815  1.000000 
1039   5814  1.000000 
1145   5815  1.000000 
807   5815  0.667000 
835   5815  1.000000 
1030   5815  1.000000 
376   5815  0.833000 
823   5815  1.000000 
839   5821  1.000000 
786   5816  1.000000 
1305   5815  1.000000 
1100   5815  1.000000 
1159   4071  1.000000 
122   5815  1.000000 
252   5815  1.000000 
327   5815  1.000000 
616   5815  1.000000 
895   5814  1.000000 
1361   5815  1.000000 
1043   5814  0.600000 
1043   5816  0.200000 
515   5815  1.000000 
886   5814  0.667000 
908   5815  1.000000 
530   5815  1.000000 
97   5815  1.000000 
1396   5815  1.000000 
625   5815  1.000000 
1188   5815  1.000000 
1146   5815  1.000000 
281   5815  1.000000 
1223   5815  0.750000 
983   5814  0.500000 
1156   5814  1.000000 
24   2988  1.000000 
825   5821  0.333000 
825   5815  0.667000 
47   5898  1.000000 
392   5815  1.000000 
718   5815  0.800000 
803   5815  1.000000 
581   5815  1.000000 
797   5814  1.000000 
595   5815  1.000000 
1010   5815  1.000000 
301   5815  0.833000 
796   5821  1.000000 
704   5815  1.000000 
475   5815  1.000000 
1212   5815  1.000000 
1254   5815  1.000000 
323   5815  1.000000 
852   5814  1.000000 
1364   4578  1.000000 
454   5815  0.800000 
890   5814  1.000000 
824   5815  1.000000 
479   5815  1.000000 
1342   5815  1.000000 
878   5814  1.000000 
95   5815  1.000000 
726   5815  1.000000 
1045   5815  1.000000 
1199   5814  0.500000 
1199   5815  0.500000 
454   5815  0.800000 
808   5814  1.000000 
916   5815  1.000000 
994   4070  1.000000 
1094   5815  1.000000 
767   5815  1.000000 
1187   5814  1.000000 
58   6104  1.000000 
599   5815  1.000000 
951   5815  1.000000 
1099   5814  1.000000 
1175   5814  1.000000 
1123   5815  1.000000 
1359   5815  1.000000 
407   5815  0.833000 
100   5815  1.000000 
31   5815  1.000000 
1167   4071  1.000000 
1051   5816  1.000000 
315   5815  1.000000 
837   5815  1.000000 
1035   5815  0.500000 
1035   5814  0.500000 
891   5814  1.000000 
788   5814  1.000000 
557   5815  0.800000 
615   5815  1.000000 
5   3846  1.000000 
878   5821  1.000000 
1262   5815  1.000000 
207   5815  1.000000 
74   4064  1.000000 
862   5815  1.000000 
795   5814  1.000000 
1409   5815  1.000000 
982   5814  1.000000 
777   5815  1.000000 
923   5815  1.000000 
742   5815  1.000000 
979   5815  1.000000 
1063   5814  1.000000 
1037   5816  0.200000 
1037   5814  0.800000 
1266   5814  1.000000 
828   5814  1.000000 
1033   5815  1.000000 
477   5815  1.000000 
795   5821  0.333000 
795   5815  0.667000 
1019   5814  1.000000 
1055   5815  1.000000 
1166   5814  1.000000 
908   4591  1.000000 
279   5815  1.000000 
869   5815  1.000000 
893   5814  0.667000 
987   4070  1.000000 
1050   5815  1.000000 
718   5815  0.800000 
150   5815  0.667000 
1146   4071  1.000000 
872   5814  1.000000 
797   5821  1.000000 
910   5814  0.667000 
1020   5814  1.000000 
134   5815  0.667000 
575   5815  1.000000 
1068   5815  1.000000 
689   5815  1.000000 
5   5815  1.000000 
1233   5815  1.000000 
1258   5814  1.000000 
701   5815  1.000000 
1198   5814  1.000000 
262   5815  1.000000 
184   5815  1.000000 
987   5814  1.000000 
1043   5815  1.000000 
1276   5815  1.000000 
933   5814  1.000000 
19   2972  1.000000 
322   5815  1.000000 
996   4070  1.000000 
89   5814  1.000000 
884   5815  0.500000 
884   5821  0.500000 
146   5815  0.667000 
1077   5815  1.000000 
1053   5815  1.000000 
1209   5815  1.000000 
992   5815  1.000000 
1219   5815  1.000000 
1162   4071  1.000000 
266   5815  0.667000 
799   5815  1.000000 
39   5815  1.000000 
816   5814  1.000000 
1100   5816  0.333000 
1100   5814  0.667000 
1324   5815  1.000000 
1365   5815  1.000000 
539   5815  1.000000 
1106   4071  1.000000 
1178   5814  1.000000 
1154   5814  1.000000 
1113   4071  1.000000 
909   5815  1.000000 
1216   5814  1.000000 
923   5814  1.000000 
985   4070  1.000000 
976   4070  1.000000 
1148   5815  1.000000 
1228   5815  1.000000 
1013   5815  1.000000 
903   5814  1.000000 
370   5815  0.833000 
222   5815  1.000000 
231   5815  1.000000 
1181   5815  1.000000 
976   5814  0.500000 
1080   4071  0.500000 
1080   5815  0.500000 
1184   5814  1.000000 
1227   5815  1.000000 
888   5821  1.000000 
738   5815  1.000000 
1164   5814  1.000000 
402   5815  1.000000 
605   5815  1.000000 
1130   4071  1.000000 
948   5814  1.000000 
1197   5815  1.000000 
688   5815  1.000000 
480   5815  1.000000 
819   5814  1.000000 
1271   5815  1.000000 
298   5815  0.833000 
1117   5814  1.000000 
949   5815  1.000000 
33   5815  1.000000 
459   5815  1.000000 
326   5815  1.000000 
614   5815  1.000000 
428   5815  1.000000 
335   5815  1.000000 
1095   5814  1.000000 
947   5814  1.000000 
815   5814  1.000000 
834   5814  1.000000 
1167   5814  1.000000 
1390   5815  1.000000 
28   3056  1.000000 
12   5815  1.000000 
1191   5814  1.000000 
714   5815  1.000000 
569   5815  1.000000 
1282   5815  1.000000 
1131   5815  1.000000 
127   5815  1.000000 
850   5814  1.000000 
886   5815  1.000000 
332   5815  0.833000 
879   5821  1.000000 
1304   5815  1.000000 
821   5815  0.333000 
821   5821  0.333000 
716   5815  1.000000 
907   5814  1.000000 
90   5815  1.000000 
348   5815  1.000000 
1244   5815  1.000000 
871   4579  1.000000 
603   5815  1.000000 
142   5815  1.000000 
78   4067  1.000000 
828   5815  1.000000 
1039   5816  1.000000 
660   5815  1.000000 
1162   5814  1.000000 
205   5815  1.000000 
1082   5815  1.000000 
831   5814  0.500000 
792   5821  1.000000 
93   5815  1.000000 
1050   5816  1.000000 
1024   5815  1.000000 
67   5815  1.000000 
1248   5815  1.000000 
245   5815  1.000000 
776   5815  1.000000 
1359   4591  1.000000 
754   5815  1.000000 
27   5815  1.000000 
43   5894  1.000000 
1107   5815  1.000000 
940   5815  1.000000 
1141   5814  1.000000 
408   5815  1.000000 
998   4070  1.000000 
991   5815  1.000000 
1075   5815  1.000000 
890   5821  0.500000 
890   5815  0.500000 
995   5814  1.000000 
608   5815  1.000000 
440   5815  0.833000 
755   5815  1.000000 
749   5815  1.000000 
1293   5815  1.000000 
1401   5815  0.800000 
830   5815  1.000000 
72   4063  1.000000 
128   5815  1.000000 
492   5815  1.000000 
1041   5814  1.000000 
1190   5814  1.000000 
1177   5814  1.000000 
422   5815  1.000000 
1275   5815  0.750000 
1120   5815  1.000000 
29   5815  1.000000 
1100   5816  0.333000 
1100   5814  0.667000 
1265   5815  1.000000 
1194   5815  1.000000 
1192   5815  1.000000 
1061   5814  1.000000 
985   5814  1.000000 
1106   5815  1.000000 
860   5821  1.000000 
731   5815  1.000000 
957   5815  1.000000 
446   5815  1.000000 
1430   5815  1.000000 
257   5815  1.000000 
1325   5815  1.000000 
793   5815  1.000000 
358   5815  1.000000 
871   5815  1.000000 
1155   4071  1.000000 
684   5815  0.800000 
863   5814  1.000000 
31   5887  1.000000 
972   5814  0.667000 
972   2062  0.333000 
1344   5815  1.000000 
999   5814  1.000000 
868   5821  1.000000 
693   5815  0.800000 
200   5815  1.000000 
1087   4071  1.000000 
663   5815  1.000000 
52   5815  1.000000 
1170   4777  1.000000 
490   5815  1.000000 
1112   5814  1.000000 
1260   5815  1.000000 
700   5815  0.750000 
272   5815  1.000000 
977   4070  1.000000 
942   5815  0.500000 
997   4070  1.000000 
1053   5814  1.000000 
1330   5815  1.000000 
1218   5815  1.000000 
110   5815  1.000000 
439   5815  1.000000 
87   5814  1.000000 
1091   5815  1.000000 
1095   4071  1.000000 
997   5814  1.000000 
71   4493  1.000000 
64   5815  1.000000 
