652   1679  1.000000 
254   3729  1.000000 
11   3729  1.000000 
519   4984  1.000000 
565   1679  1.000000 
742   664  0.143000 
742   3330  0.143000 
742   4984  0.714000 
1170   3738  0.500000 
704   1679  0.500000 
677   5940  1.000000 
44   3738  1.000000 
782   664  1.000000 
1264   3729  1.000000 
378   3738  1.000000 
74   3729  1.000000 
789   1679  1.000000 
690   5941  0.143000 
690   4984  0.429000 
690   1679  0.143000 
1067   3729  1.000000 
809   3729  1.000000 
1417   3729  0.857000 
1417   3738  0.143000 
83   3738  0.500000 
83   3729  0.500000 
1341   3738  1.000000 
14   3738  0.667000 
699   564  1.000000 
1371   3729  1.000000 
423   3738  0.500000 
423   3729  0.500000 
709   10448  1.000000 
851   4984  0.889000 
851   1679  0.111000 
882   3738  1.000000 
697   4984  1.000000 
905   3330  1.000000 
1015   3729  1.000000 
767   4984  1.000000 
956   5940  1.000000 
977   3729  1.000000 
1112   2150  1.000000 
1059   5001  1.000000 
760   3330  1.000000 
977   1679  1.000000 
202   3729  1.000000 
594   4984  0.875000 
1109   690  1.000000 
1275   3738  1.000000 
949   3330  1.000000 
679   4984  0.500000 
679   1679  0.500000 
704   3738  1.000000 
72   3729  1.000000 
795   4984  0.714000 
795   1679  0.143000 
866   1679  0.222000 
866   4984  0.667000 
1324   3729  1.000000 
1280   3738  1.000000 
71   3729  1.000000 
685   5940  1.000000 
473   3729  1.000000 
1125   3738  1.000000 
1143   1785  1.000000 
606   4984  0.571000 
606   1679  0.286000 
584   1679  1.000000 
248   3729  1.000000 
1296   3729  1.000000 
316   3729  1.000000 
601   3738  1.000000 
928   1679  0.500000 
928   4984  0.500000 
929   3330  1.000000 
80   3729  0.833000 
80   3738  0.167000 
1149   1506  1.000000 
582   1679  0.500000 
582   4984  0.500000 
404   3729  1.000000 
453   3738  1.000000 
439   3729  1.000000 
623   4984  1.000000 
194   3738  1.000000 
492   3737  1.000000 
1076   3729  1.000000 
786   1679  0.667000 
606   1679  1.000000 
753   5841  1.000000 
260   3738  1.000000 
889   1679  0.250000 
889   4984  0.750000 
814   1679  1.000000 
1304   3738  0.100000 
1304   3729  0.900000 
36   3729  1.000000 
792   3729  1.000000 
1252   3729  1.000000 
725   3729  1.000000 
853   3330  1.000000 
173   3738  1.000000 
234   3738  1.000000 
937   3729  1.000000 
88   3729  0.800000 
1432   3738  1.000000 
126   3729  1.000000 
1116   670  0.111000 
1116   3729  0.889000 
711   3330  0.500000 
711   9850  0.500000 
379   3729  0.750000 
299   3729  1.000000 
1057   3738  1.000000 
98   3738  1.000000 
976   4984  0.500000 
976   1679  0.500000 
525   3729  1.000000 
799   5940  0.500000 
799   4984  0.500000 
526   3729  1.000000 
135   3729  1.000000 
743   1679  1.000000 
817   3729  1.000000 
887   3330  1.000000 
1091   4984  0.500000 
1091   1679  0.500000 
721   9850  1.000000 
427   3738  0.200000 
427   3729  0.800000 
796   5940  1.000000 
495   4984  1.000000 
652   3729  1.000000 
1072   3738  0.333000 
1072   3729  0.667000 
359   3738  1.000000 
655   4984  0.333000 
655   1679  0.667000 
580   1679  1.000000 
25   3738  0.500000 
25   3729  0.250000 
1304   4509  1.000000 
651   3729  1.000000 
1020   1679  0.500000 
1020   3344  0.250000 
1020   4984  0.250000 
734   4984  0.333000 
734   1679  0.667000 
666   3738  1.000000 
792   1679  0.143000 
792   4984  0.857000 
994   4984  1.000000 
663   4984  0.818000 
663   1679  0.182000 
847   4984  1.000000 
411   3738  1.000000 
829   4984  0.250000 
829   1679  0.750000 
1089   1679  0.333000 
1089   4984  0.667000 
788   4984  0.333000 
788   1679  0.333000 
758   3729  1.000000 
801   3330  1.000000 
1260   670  0.333000 
1260   3729  0.333000 
1260   3738  0.333000 
615   4984  0.667000 
615   1679  0.167000 
615   2693  0.167000 
752   5841  1.000000 
711   3330  0.500000 
711   9850  0.500000 
1089   3729  1.000000 
818   3729  1.000000 
398   3738  1.000000 
622   4984  0.167000 
622   1679  0.833000 
884   4984  0.714000 
884   1679  0.143000 
923   4984  0.875000 
923   1679  0.125000 
572   1679  1.000000 
957   4984  1.000000 
578   4984  1.000000 
852   4984  1.000000 
1256   3730  0.083000 
1256   3729  0.833000 
1256   3738  0.083000 
709   3729  1.000000 
995   670  1.000000 
526   4984  0.667000 
526   1679  0.333000 
610   4984  0.333000 
610   1679  0.667000 
882   4984  1.000000 
846   4984  1.000000 
244   3738  1.000000 
423   3738  0.500000 
423   3729  0.500000 
969   3738  1.000000 
1127   4995  1.000000 
1333   3738  0.500000 
1333   3729  0.500000 
660   3729  0.500000 
660   3738  0.500000 
748   1679  1.000000 
521   670  0.500000 
521   669  0.500000 
991   1679  1.000000 
948   3729  1.000000 
788   4984  0.333000 
788   1679  0.333000 
815   3330  1.000000 
503   1679  0.333000 
503   4984  0.667000 
760   5940  0.200000 
760   4984  0.800000 
623   1679  0.400000 
623   2693  0.200000 
623   4984  0.400000 
870   3729  1.000000 
677   3729  0.500000 
677   3738  0.500000 
987   669  1.000000 
1197   3729  1.000000 
720   4984  1.000000 
13   3729  0.250000 
13   3738  0.750000 
921   5940  1.000000 
1131   5001  1.000000 
963   5940  1.000000 
713   10448  1.000000 
1166   3729  1.000000 
424   3738  1.000000 
243   3738  1.000000 
542   3738  0.500000 
542   3729  0.500000 
1016   1679  1.000000 
409   3738  1.000000 
568   3729  0.500000 
568   3738  0.500000 
1147   670  1.000000 
139   3729  1.000000 
56   3738  1.000000 
602   3738  1.000000 
775   3738  1.000000 
1   3738  1.000000 
1286   3729  0.900000 
589   3729  1.000000 
1238   3738  1.000000 
825   4984  0.778000 
825   1679  0.111000 
1050   5001  1.000000 
772   664  1.000000 
887   4984  0.800000 
1159   3738  1.000000 
1109   1506  1.000000 
1041   4984  1.000000 
475   4984  1.000000 
427   3738  1.000000 
729   4984  0.667000 
729   1679  0.333000 
1300   3729  1.000000 
1061   1679  0.250000 
1061   4984  0.750000 
18   3738  0.200000 
18   3729  0.800000 
912   690  1.000000 
997   4984  0.857000 
997   1679  0.143000 
351   3738  0.250000 
351   3729  0.750000 
1114   3729  1.000000 
754   5940  1.000000 
375   3729  1.000000 
1143   4995  1.000000 
198   3729  1.000000 
733   664  0.500000 
733   1679  0.500000 
830   3330  1.000000 
1265   691  1.000000 
1236   3738  0.167000 
1236   3729  0.833000 
1217   3729  0.833000 
1050   4995  1.000000 
170   3738  1.000000 
1255   3738  1.000000 
1298   3729  1.000000 
1086   5001  1.000000 
781   3729  0.500000 
1102   671  1.000000 
235   3738  1.000000 
733   664  0.500000 
733   1679  0.500000 
383   3729  0.750000 
835   3738  1.000000 
940   4984  0.857000 
940   1679  0.143000 
332   3738  1.000000 
719   1680  1.000000 
928   1679  0.500000 
928   4984  0.500000 
820   1537  1.000000 
468   1678  1.000000 
1253   3738  1.000000 
547   3738  0.500000 
547   3729  0.500000 
839   3738  1.000000 
776   4984  1.000000 
1163   3738  1.000000 
647   3738  1.000000 
1090   1103  1.000000 
545   3729  1.000000 
602   4984  0.250000 
602   1679  0.750000 
541   1679  0.167000 
541   4984  0.667000 
467   3729  1.000000 
943   3330  1.000000 
1026   4984  1.000000 
745   1679  0.500000 
745   664  0.500000 
1404   3729  1.000000 
961   4984  1.000000 
1108   691  1.000000 
108   3729  0.800000 
1131   4995  1.000000 
1243   3738  0.500000 
1243   3729  0.500000 
992   4984  1.000000 
604   4984  1.000000 
273   3738  1.000000 
472   3729  1.000000 
1330   3729  0.900000 
1330   3738  0.100000 
552   3729  1.000000 
370   3738  1.000000 
790   4984  0.333000 
790   1679  0.333000 
632   4984  1.000000 
655   3738  1.000000 
808   3729  0.500000 
808   3738  0.500000 
230   3729  1.000000 
511   3738  0.250000 
511   3729  0.500000 
318   3729  1.000000 
1348   3729  1.000000 
21   3729  1.000000 
1172   3738  1.000000 
872   3729  1.000000 
1404   3738  1.000000 
809   1679  1.000000 
448   3729  0.667000 
448   3738  0.333000 
13   3729  1.000000 
659   3738  1.000000 
798   1679  0.143000 
798   4984  0.714000 
104   3738  1.000000 
763   3330  0.500000 
763   5940  0.500000 
716   3330  0.500000 
716   9850  0.500000 
1052   5001  1.000000 
1144   671  1.000000 
1258   3738  0.500000 
1258   3729  0.500000 
683   4984  1.000000 
1096   3729  1.000000 
1323   3729  1.000000 
1101   3729  1.000000 
712   3729  1.000000 
1326   3729  0.875000 
844   3330  1.000000 
1120   3729  0.889000 
1120   3738  0.111000 
1409   3738  1.000000 
521   3729  1.000000 
156   3738  1.000000 
1177   3729  1.000000 
1279   4509  1.000000 
547   4984  0.667000 
547   1679  0.167000 
1120   4995  1.000000 
164   3729  1.000000 
554   4984  0.750000 
228   3738  1.000000 
1063   1679  1.000000 
1137   1679  1.000000 
861   1679  1.000000 
557   3729  1.000000 
780   3729  1.000000 
1073   1679  0.333000 
1073   4984  0.667000 
538   4984  0.714000 
538   1679  0.286000 
993   4984  1.000000 
893   3738  1.000000 
851   4984  0.889000 
851   1679  0.111000 
1005   1679  0.500000 
1005   4984  0.500000 
756   564  1.000000 
84   3738  0.167000 
84   3729  0.833000 
522   671  1.000000 
1076   5001  1.000000 
1110   1506  0.500000 
988   669  1.000000 
594   4984  0.875000 
1122   3738  0.125000 
1122   3729  0.875000 
268   3738  1.000000 
911   4984  0.333000 
911   1679  0.667000 
1334   3738  1.000000 
800   3729  1.000000 
773   5940  1.000000 
491   1507  0.500000 
491   1537  0.500000 
757   3330  1.000000 
912   3330  1.000000 
123   3738  1.000000 
1419   3729  0.857000 
1419   3738  0.143000 
642   1679  0.100000 
642   4984  0.900000 
1110   690  1.000000 
725   4984  1.000000 
88   3738  1.000000 
1020   1679  0.200000 
1020   4984  0.600000 
1102   671  1.000000 
1170   3729  1.000000 
674   3738  1.000000 
885   562  1.000000 
476   3729  0.667000 
476   3738  0.333000 
8   3738  0.167000 
8   3729  0.667000 
639   4984  1.000000 
559   4984  1.000000 
603   4984  0.200000 
603   1679  0.800000 
1069   1445  1.000000 
362   3729  1.000000 
993   1679  0.667000 
993   4984  0.333000 
1241   3738  1.000000 
469   3729  1.000000 
964   3330  1.000000 
97   3729  1.000000 
649   4984  0.500000 
649   1679  0.500000 
1356   3729  0.875000 
1018   3729  1.000000 
502   4984  1.000000 
1094   5001  1.000000 
479   3738  1.000000 
141   3729  1.000000 
1295   3729  0.900000 
1415   3729  1.000000 
556   4984  1.000000 
471   3738  1.000000 
1075   3729  0.500000 
1075   3738  0.500000 
1183   3738  0.083000 
1183   3729  0.917000 
694   3729  1.000000 
1276   670  1.000000 
1193   3738  1.000000 
1188   3738  0.500000 
1188   3729  0.500000 
309   3729  0.800000 
978   4984  0.500000 
978   1679  0.500000 
7   3738  0.750000 
7   3729  0.250000 
1187   3729  0.909000 
1187   3738  0.091000 
1416   3738  0.500000 
1416   3729  0.500000 
661   3729  1.000000 
1124   4995  1.000000 
823   3729  1.000000 
628   4984  1.000000 
831   3330  1.000000 
1010   669  1.000000 
926   1679  0.667000 
926   4984  0.333000 
616   3738  1.000000 
942   670  1.000000 
962   3330  1.000000 
86   3729  0.800000 
839   5940  1.000000 
505   4984  1.000000 
903   4984  1.000000 
23   3729  1.000000 
1215   3729  0.750000 
1215   3738  0.083000 
330   3738  1.000000 
1093   571  1.000000 
914   3330  1.000000 
749   3729  1.000000 
802   4984  0.750000 
991   4984  0.500000 
991   1679  0.250000 
991   5940  0.125000 
235   3729  1.000000 
397   3738  0.667000 
397   3729  0.333000 
686   3729  1.000000 
716   1679  0.667000 
716   4984  0.333000 
1190   3729  0.833000 
790   3330  1.000000 
880   1679  1.000000 
139   3738  1.000000 
911   3729  1.000000 
1035   4984  0.333000 
1035   1679  0.667000 
708   563  1.000000 
757   693  1.000000 
917   1679  1.000000 
522   3729  1.000000 
722   563  1.000000 
948   1679  0.125000 
948   4984  0.750000 
790   3729  1.000000 
292   3729  1.000000 
685   3729  1.000000 
396   3729  0.667000 
762   3729  1.000000 
1095   571  1.000000 
731   1679  1.000000 
1410   3738  0.125000 
1410   3729  0.875000 
632   1679  0.667000 
632   4984  0.333000 
1106   669  1.000000 
1000   3738  1.000000 
6   3729  0.800000 
167   3729  1.000000 
21   3738  1.000000 
994   4984  0.500000 
994   3330  0.500000 
1070   3738  1.000000 
780   5940  0.500000 
780   3330  0.500000 
1033   572  1.000000 
1176   3738  1.000000 
434   3729  1.000000 
700   1680  1.000000 
1004   1506  1.000000 
255   3738  0.500000 
1048   3738  1.000000 
1082   690  1.000000 
529   3729  1.000000 
670   1679  0.250000 
670   4984  0.750000 
733   9850  1.000000 
1406   3738  1.000000 
931   4984  1.000000 
520   670  1.000000 
823   4984  1.000000 
547   3738  0.500000 
547   3729  0.500000 
1127   3729  1.000000 
961   3729  1.000000 
814   4984  1.000000 
799   5940  0.500000 
799   4984  0.500000 
449   3729  1.000000 
823   2150  1.000000 
714   4984  1.000000 
844   1679  0.111000 
844   4984  0.889000 
826   1679  0.667000 
826   3330  0.333000 
516   4984  1.000000 
1098   671  1.000000 
1270   670  1.000000 
543   1507  1.000000 
577   3729  1.000000 
496   3729  1.000000 
1018   3330  1.000000 
840   4984  0.889000 
326   3738  1.000000 
503   3729  1.000000 
1226   3738  0.100000 
1226   3729  0.900000 
239   3738  1.000000 
1037   671  1.000000 
883   3330  1.000000 
951   1075  1.000000 
939   4984  1.000000 
1067   1678  1.000000 
842   3330  1.000000 
798   1679  1.000000 
1037   3738  1.000000 
1072   1679  1.000000 
857   4984  0.800000 
857   1679  0.200000 
115   3729  1.000000 
1061   5001  1.000000 
1375   3729  1.000000 
1104   3729  1.000000 
334   3738  1.000000 
1070   4984  0.667000 
1070   1679  0.333000 
12   3738  1.000000 
1093   1507  1.000000 
864   661  1.000000 
832   5940  0.500000 
832   3330  0.500000 
972   3738  1.000000 
526   1679  1.000000 
697   1679  0.800000 
697   4984  0.200000 
1114   1506  1.000000 
1026   3738  1.000000 
690   5940  1.000000 
64   3738  1.000000 
1090   4984  1.000000 
1322   3729  0.778000 
1322   3738  0.111000 
812   4984  1.000000 
639   3729  1.000000 
1095   3729  1.000000 
681   5940  0.500000 
681   4984  0.500000 
948   3330  1.000000 
1071   1445  1.000000 
46   3729  1.000000 
211   3729  0.800000 
956   1462  1.000000 
1032   1679  0.500000 
363   3738  1.000000 
790   3729  1.000000 
476   3729  0.333000 
476   3738  0.667000 
868   3330  1.000000 
47   3729  1.000000 
520   3729  1.000000 
1027   3729  1.000000 
950   4984  0.875000 
950   3330  0.125000 
290   3738  1.000000 
273   3729  1.000000 
939   1679  0.250000 
939   4984  0.750000 
1279   3729  1.000000 
688   5940  1.000000 
695   3729  1.000000 
291   3729  1.000000 
561   1679  0.200000 
561   4984  0.800000 
921   2150  1.000000 
473   3738  1.000000 
1085   3729  1.000000 
999   4984  1.000000 
918   1506  1.000000 
1148   3729  1.000000 
652   4984  0.900000 
652   1679  0.100000 
758   1679  1.000000 
701   1679  0.500000 
701   10448  0.250000 
806   3330  1.000000 
1327   3729  1.000000 
1258   3731  1.000000 
1285   3729  1.000000 
1032   5001  1.000000 
1054   5001  1.000000 
976   4984  1.000000 
1058   686  1.000000 
513   3729  0.750000 
513   4995  0.250000 
1354   3738  1.000000 
1139   1679  1.000000 
327   3738  1.000000 
654   3729  1.000000 
1004   1460  1.000000 
698   1014  1.000000 
601   1679  1.000000 
492   4984  1.000000 
1152   3738  1.000000 
403   3738  1.000000 
1013   1679  0.333000 
1013   4984  0.667000 
646   4984  1.000000 
1089   1679  0.333000 
1089   4984  0.667000 
106   3729  0.800000 
705   563  1.000000 
1095   1679  1.000000 
857   3729  1.000000 
691   1679  1.000000 
684   1679  1.000000 
810   5940  0.500000 
810   3330  0.500000 
740   4984  0.800000 
740   664  0.200000 
651   4984  1.000000 
402   3738  0.500000 
402   3729  0.500000 
719   563  1.000000 
1052   1679  1.000000 
1187   3729  0.909000 
1187   3738  0.091000 
1095   3729  0.667000 
1095   3738  0.167000 
1221   3729  0.917000 
655   4984  0.333000 
655   1679  0.667000 
787   1679  0.667000 
787   4984  0.333000 
808   4984  0.500000 
808   1679  0.500000 
872   1679  0.500000 
872   4984  0.500000 
682   4984  1.000000 
988   3330  0.500000 
988   5940  0.500000 
849   4984  0.900000 
849   1679  0.100000 
1384   3729  1.000000 
722   3729  1.000000 
1055   4995  1.000000 
1223   3729  0.909000 
988   1679  1.000000 
718   3729  1.000000 
541   4984  1.000000 
766   564  1.000000 
962   1679  0.100000 
962   4984  0.800000 
1134   3729  1.000000 
773   4984  0.500000 
773   1679  0.500000 
563   3729  1.000000 
1095   5001  1.000000 
990   4984  1.000000 
361   3738  1.000000 
1061   3738  1.000000 
513   1679  1.000000 
1355   3738  0.111000 
1355   3729  0.889000 
931   3729  1.000000 
502   3729  0.500000 
502   3738  0.500000 
1139   4995  1.000000 
539   4984  0.500000 
539   1679  0.500000 
876   562  1.000000 
786   5940  1.000000 
1146   4995  1.000000 
630   4984  0.500000 
630   1679  0.500000 
614   1679  0.167000 
614   4984  0.833000 
761   4984  0.250000 
761   1679  0.500000 
761   664  0.250000 
576   1679  0.143000 
576   4984  0.714000 
954   3330  1.000000 
293   3729  1.000000 
991   4984  0.500000 
991   1679  0.250000 
991   5940  0.125000 
1019   1679  1.000000 
905   671  1.000000 
986   669  1.000000 
920   3729  1.000000 
29   3738  1.000000 
517   1506  1.000000 
707   4984  1.000000 
817   4984  0.857000 
837   1679  0.500000 
837   4984  0.250000 
837   5940  0.250000 
1032   3729  1.000000 
877   1679  0.143000 
877   4984  0.857000 
1059   3729  1.000000 
1267   1697  1.000000 
769   3729  0.500000 
305   3738  1.000000 
711   1680  1.000000 
35   3729  0.833000 
35   3738  0.167000 
925   1679  1.000000 
1048   1445  1.000000 
245   3738  1.000000 
500   3738  1.000000 
1164   3729  1.000000 
1078   1444  1.000000 
706   9850  1.000000 
199   3729  1.000000 
93   3729  0.500000 
93   3738  0.500000 
596   1679  1.000000 
821   2150  1.000000 
341   3738  1.000000 
745   4984  1.000000 
1358   3729  1.000000 
1418   3729  1.000000 
945   4984  0.875000 
826   3738  1.000000 
754   664  1.000000 
956   4984  1.000000 
1012   1679  0.429000 
1012   4984  0.571000 
534   1679  1.000000 
748   4984  1.000000 
1435   3729  0.250000 
1435   3738  0.750000 
1272   670  1.000000 
597   3729  1.000000 
1124   3729  1.000000 
899   4984  0.333000 
899   1679  0.667000 
990   3738  1.000000 
608   4984  0.667000 
608   1679  0.111000 
993   1679  0.667000 
993   4984  0.333000 
821   3729  1.000000 
1434   3738  1.000000 
745   664  1.000000 
852   1679  0.500000 
852   4984  0.500000 
1166   3738  0.500000 
1166   3729  0.500000 
1153   3738  0.100000 
1153   3729  0.800000 
644   4984  1.000000 
989   4984  0.714000 
989   1679  0.286000 
957   5940  1.000000 
128   3729  1.000000 
1358   3738  1.000000 
1048   4984  0.600000 
876   4984  1.000000 
1332   3729  1.000000 
761   4984  0.250000 
761   1679  0.500000 
761   664  0.250000 
881   1679  0.500000 
881   4984  0.500000 
565   1679  0.143000 
565   4984  0.857000 
1034   571  1.000000 
284   3729  1.000000 
9   3729  1.000000 
116   3729  1.000000 
997   670  1.000000 
1011   23492  1.000000 
1324   3738  1.000000 
726   1679  1.000000 
938   4984  0.889000 
938   1679  0.111000 
970   1460  1.000000 
94   3738  0.167000 
94   3729  0.667000 
1033   4984  1.000000 
1291   3738  1.000000 
589   4984  0.778000 
589   1679  0.222000 
1121   3729  1.000000 
358   3738  1.000000 
1015   4984  1.000000 
815   4984  0.875000 
45   3738  1.000000 
154   3729  1.000000 
722   10448  1.000000 
1094   1679  1.000000 
159   3738  1.000000 
829   4984  0.250000 
829   1679  0.750000 
435   3729  1.000000 
1187   3738  1.000000 
827   3330  1.000000 
958   3330  1.000000 
984   3729  1.000000 
70   3729  1.000000 
1266   3738  1.000000 
1076   1679  1.000000 
916   1506  1.000000 
230   3738  1.000000 
999   3738  1.000000 
707   1679  1.000000 
566   1679  0.333000 
566   4984  0.667000 
380   3729  1.000000 
860   1679  0.111000 
860   3330  0.111000 
860   4984  0.778000 
1240   3729  1.000000 
1135   3729  1.000000 
1046   671  1.000000 
266   3738  0.500000 
909   3729  1.000000 
930   4984  1.000000 
1275   3729  0.900000 
1275   4995  0.100000 
172   3729  1.000000 
858   3729  1.000000 
1078   3738  0.250000 
1078   3729  0.750000 
1003   687  1.000000 
1311   3738  1.000000 
1275   3729  0.900000 
1275   4995  0.100000 
454   3729  1.000000 
691   5940  1.000000 
376   3729  1.000000 
1059   686  1.000000 
932   3729  1.000000 
142   3729  1.000000 
313   3729  0.667000 
313   3738  0.167000 
824   1679  1.000000 
588   4984  0.500000 
588   1679  0.500000 
429   3729  1.000000 
1182   3729  0.923000 
749   1679  0.200000 
749   4984  0.800000 
896   1679  0.667000 
896   4984  0.333000 
337   3738  1.000000 
925   3729  1.000000 
1215   3738  1.000000 
1344   3729  1.000000 
340   3729  1.000000 
343   3738  1.000000 
1206   3729  0.917000 
1206   3738  0.083000 
872   1679  0.500000 
872   4984  0.500000 
1271   670  1.000000 
1198   3729  1.000000 
1079   562  1.000000 
752   693  0.250000 
752   4984  0.750000 
1100   572  1.000000 
1004   1679  1.000000 
884   1679  1.000000 
1002   4984  1.000000 
2   3729  0.800000 
1075   3729  1.000000 
444   3729  0.800000 
444   3738  0.200000 
749   5940  1.000000 
383   3729  0.750000 
684   4984  1.000000 
19   3738  1.000000 
702   1680  1.000000 
629   1679  1.000000 
767   693  1.000000 
941   1507  1.000000 
696   1679  1.000000 
1029   3729  1.000000 
771   1679  1.000000 
915   1679  1.000000 
1117   3738  1.000000 
658   1679  0.100000 
658   4984  0.900000 
66   3738  1.000000 
161   3729  1.000000 
1258   4995  0.100000 
1258   3729  0.900000 
415   3729  1.000000 
636   1679  1.000000 
312   3729  1.000000 
885   3330  1.000000 
873   4984  0.714000 
873   1679  0.286000 
717   4984  1.000000 
806   4984  0.875000 
1129   1679  1.000000 
1026   4984  1.000000 
550   1679  1.000000 
667   1679  0.143000 
667   4984  0.857000 
459   1506  1.000000 
967   4984  1.000000 
277   3729  1.000000 
511   3738  0.250000 
511   3729  0.500000 
770   572  1.000000 
1260   670  0.333000 
1260   3729  0.333000 
1260   3738  0.333000 
342   3738  0.500000 
836   1679  0.500000 
309   3729  0.500000 
309   3738  0.500000 
645   3738  1.000000 
441   3729  1.000000 
771   4984  1.000000 
1099   1785  1.000000 
997   3330  1.000000 
494   671  0.500000 
494   669  0.500000 
1112   5001  1.000000 
712   4984  1.000000 
679   3738  1.000000 
1128   5001  1.000000 
981   3330  1.000000 
759   3330  1.000000 
686   3729  1.000000 
672   3738  1.000000 
945   3729  1.000000 
968   1460  1.000000 
1195   3729  0.923000 
1195   3738  0.077000 
734   1680  1.000000 
521   1679  1.000000 
1040   3729  1.000000 
574   1679  1.000000 
755   686  1.000000 
1091   5001  1.000000 
710   10448  1.000000 
558   4984  0.833000 
616   4984  1.000000 
868   562  1.000000 
996   4984  0.778000 
996   1679  0.111000 
996   1785  0.111000 
569   1679  0.125000 
569   4984  0.875000 
817   1679  1.000000 
736   1680  1.000000 
810   5940  1.000000 
367   3729  1.000000 
432   3729  1.000000 
716   3330  0.500000 
716   9850  0.500000 
909   5940  1.000000 
1233   3729  1.000000 
918   3729  1.000000 
442   3738  1.000000 
1115   1537  1.000000 
600   1679  0.500000 
600   4984  0.500000 
1313   3738  1.000000 
582   4984  1.000000 
1064   3729  1.000000 
471   3729  1.000000 
86   3729  0.800000 
916   4984  0.571000 
916   1679  0.286000 
916   3330  0.143000 
508   1785  1.000000 
491   3738  1.000000 
76   3738  0.500000 
76   3729  0.500000 
736   5940  1.000000 
753   4984  1.000000 
1087   3219  1.000000 
75   3729  1.000000 
431   3729  1.000000 
913   1679  0.111000 
913   4984  0.889000 
1043   1679  1.000000 
657   3738  1.000000 
1092   3729  1.000000 
98   3729  0.800000 
755   4984  1.000000 
833   4984  0.857000 
833   1679  0.143000 
1405   3729  1.000000 
1046   3729  1.000000 
1083   4984  1.000000 
907   4984  1.000000 
664   3738  1.000000 
925   4984  0.714000 
925   1679  0.286000 
1178   3729  1.000000 
1089   1103  1.000000 
1007   4984  1.000000 
965   1679  1.000000 
657   3729  1.000000 
960   4984  0.778000 
960   1679  0.111000 
797   3330  1.000000 
840   3330  1.000000 
405   3729  1.000000 
1232   3729  0.917000 
616   4984  0.200000 
616   1679  0.800000 
800   3330  1.000000 
1022   5940  0.500000 
1022   3330  0.500000 
1072   4984  1.000000 
212   3738  1.000000 
1119   3738  0.100000 
1119   3729  0.800000 
1119   4995  0.100000 
914   4984  1.000000 
1393   3729  1.000000 
729   3729  1.000000 
977   4984  0.900000 
977   1679  0.100000 
637   4984  0.500000 
637   1679  0.500000 
399   3729  1.000000 
536   3729  0.667000 
536   3738  0.333000 
1074   1679  0.333000 
1074   4984  0.667000 
982   669  1.000000 
917   3729  1.000000 
762   3330  1.000000 
1083   3729  1.000000 
881   4984  1.000000 
701   564  1.000000 
1388   3729  1.000000 
1424   3729  0.800000 
1424   3738  0.200000 
1050   4984  0.333000 
487   4995  0.167000 
487   3738  0.167000 
487   3729  0.667000 
3   3729  1.000000 
1177   3738  1.000000 
642   1679  1.000000 
895   5940  1.000000 
323   3738  1.000000 
678   1679  1.000000 
4   3729  0.800000 
864   4984  0.875000 
864   1679  0.125000 
592   3729  0.500000 
592   3738  0.500000 
695   3330  1.000000 
382   3729  1.000000 
1045   1444  1.000000 
1072   5001  1.000000 
497   4984  1.000000 
1356   3738  0.667000 
1356   3729  0.333000 
819   3738  0.500000 
819   3729  0.500000 
1380   3737  1.000000 
524   686  1.000000 
1317   4509  1.000000 
1149   3738  1.000000 
151   3738  1.000000 
1054   3729  1.000000 
896   3330  1.000000 
886   3330  1.000000 
822   4984  0.889000 
822   1679  0.111000 
522   3738  1.000000 
498   1678  1.000000 
979   4984  0.889000 
979   1679  0.111000 
1297   3738  1.000000 
177   3738  1.000000 
532   1679  0.667000 
532   4984  0.333000 
906   1679  0.125000 
906   4984  0.875000 
707   3729  0.500000 
707   3738  0.500000 
480   3738  1.000000 
248   3738  1.000000 
843   3330  1.000000 
246   3729  1.000000 
1392   3738  0.111000 
1392   3729  0.889000 
739   4984  1.000000 
1021   1679  0.667000 
505   669  0.500000 
505   3738  0.500000 
900   5940  1.000000 
124   3729  1.000000 
1056   1678  0.200000 
1056   4984  0.600000 
779   4984  0.857000 
853   3729  1.000000 
1426   3729  0.250000 
1426   3738  0.750000 
1064   5001  1.000000 
1054   4984  0.500000 
1054   1679  0.250000 
924   3330  1.000000 
470   3729  1.000000 
1132   4995  1.000000 
1055   1445  1.000000 
879   5940  1.000000 
349   3738  1.000000 
856   1679  1.000000 
544   3729  1.000000 
1277   670  1.000000 
344   3738  0.500000 
328   3738  1.000000 
223   3738  1.000000 
620   3738  1.000000 
711   3738  0.500000 
711   3729  0.500000 
1015   3330  1.000000 
892   3738  1.000000 
8   3738  1.000000 
779   3330  1.000000 
95   3729  1.000000 
852   1447  1.000000 
347   3729  1.000000 
1108   4995  1.000000 
656   3738  1.000000 
993   3330  1.000000 
58   3738  1.000000 
372   3738  1.000000 
1113   3729  1.000000 
1053   5001  1.000000 
731   4984  0.667000 
731   1679  0.333000 
1311   3729  1.000000 
835   3330  1.000000 
702   1679  1.000000 
1051   3738  1.000000 
562   4984  0.833000 
906   671  1.000000 
1173   3738  1.000000 
679   4984  1.000000 
386   3738  1.000000 
539   4984  0.500000 
539   1679  0.500000 
565   3729  1.000000 
643   3729  1.000000 
1421   3729  1.000000 
984   4984  0.833000 
984   1679  0.167000 
1133   3738  1.000000 
898   4984  1.000000 
127   3738  1.000000 
1173   3729  1.000000 
90   3729  0.800000 
631   1679  1.000000 
1009   4984  1.000000 
401   3729  1.000000 
949   1679  1.000000 
7   3738  0.750000 
7   3729  0.250000 
1400   3729  1.000000 
1032   4984  1.000000 
1128   3729  0.857000 
1128   3738  0.143000 
880   562  1.000000 
704   1679  0.500000 
950   4984  0.875000 
950   3330  0.125000 
681   1679  1.000000 
358   3729  1.000000 
934   5940  1.000000 
729   4984  0.667000 
729   1679  0.333000 
1106   5001  1.000000 
469   1679  1.000000 
682   3729  0.500000 
682   3738  0.500000 
558   3729  0.500000 
558   3738  0.500000 
805   4984  0.875000 
805   1679  0.125000 
986   5940  1.000000 
815   4984  0.875000 
723   563  1.000000 
1091   3729  1.000000 
1042   4984  1.000000 
710   4984  0.600000 
710   1679  0.400000 
143   3729  1.000000 
1254   3738  1.000000 
806   3729  1.000000 
309   3729  0.500000 
309   3738  0.500000 
791   4984  1.000000 
705   4984  1.000000 
764   5940  1.000000 
761   5940  1.000000 
919   4984  1.000000 
597   4984  1.000000 
930   4984  0.857000 
919   1506  1.000000 
667   1679  0.750000 
667   4984  0.250000 
1091   1678  1.000000 
433   3729  1.000000 
126   3738  1.000000 
873   4984  0.714000 
873   1679  0.286000 
449   3738  0.667000 
449   3729  0.333000 
743   3330  1.000000 
503   1679  1.000000 
875   4984  1.000000 
1043   686  1.000000 
1138   3729  1.000000 
297   3738  1.000000 
489   4984  1.000000 
920   5940  0.500000 
920   3330  0.500000 
1350   3729  1.000000 
502   1679  0.500000 
502   4984  0.500000 
488   1507  1.000000 
760   1679  1.000000 
420   3738  1.000000 
1083   3738  1.000000 
543   3729  1.000000 
601   1679  0.286000 
601   4984  0.714000 
711   10448  1.000000 
836   1679  0.500000 
115   3738  1.000000 
219   3738  1.000000 
1395   3738  1.000000 
401   3738  1.000000 
761   4984  0.250000 
761   1679  0.500000 
761   664  0.250000 
541   3729  0.500000 
541   1507  0.500000 
768   5940  1.000000 
890   3330  1.000000 
547   4984  0.667000 
547   1679  0.167000 
46   3738  1.000000 
556   4984  0.667000 
556   1679  0.333000 
972   1679  0.100000 
972   4984  0.900000 
1413   3738  1.000000 
778   4984  1.000000 
243   3729  1.000000 
964   4984  0.700000 
964   1679  0.100000 
1210   3738  1.000000 
1107   3729  1.000000 
700   1679  1.000000 
1   3729  0.600000 
1   3738  0.400000 
1263   3729  1.000000 
1353   3738  0.500000 
1353   3729  0.500000 
913   3330  1.000000 
348   3738  0.667000 
484   1679  1.000000 
495   1719  1.000000 
1123   4995  1.000000 
865   4984  1.000000 
1021   1463  1.000000 
887   4984  0.800000 
570   4984  1.000000 
648   4984  0.333000 
648   1679  0.667000 
798   1679  0.143000 
798   4984  0.714000 
666   3738  1.000000 
903   3729  1.000000 
1096   571  1.000000 
1158   3738  1.000000 
1053   4984  0.750000 
1053   1679  0.250000 
874   1679  0.200000 
874   4984  0.800000 
520   1679  1.000000 
1130   4995  1.000000 
694   1679  0.143000 
694   4984  0.857000 
303   3738  1.000000 
1144   4995  1.000000 
779   1679  1.000000 
501   1679  1.000000 
645   1679  1.000000 
241   3729  0.600000 
722   9850  1.000000 
709   564  1.000000 
792   5940  1.000000 
793   3729  1.000000 
1047   3729  1.000000 
698   4984  1.000000 
883   5940  1.000000 
1380   3729  1.000000 
650   4984  1.000000 
754   3729  1.000000 
83   3738  0.500000 
83   3729  0.500000 
893   4984  1.000000 
1148   3729  0.875000 
986   1679  1.000000 
1263   3738  1.000000 
720   10448  1.000000 
1317   3738  0.091000 
1317   3729  0.909000 
1407   3738  1.000000 
747   3330  1.000000 
853   1679  1.000000 
604   3738  1.000000 
1422   3738  1.000000 
772   1679  0.500000 
1031   664  0.333000 
1031   1679  0.667000 
1085   1679  1.000000 
1331   3729  1.000000 
106   3738  1.000000 
533   3729  1.000000 
865   3729  1.000000 
158   3729  1.000000 
921   3729  1.000000 
1033   4984  0.500000 
1033   1679  0.500000 
1025   1679  0.500000 
1025   5001  0.500000 
1169   3729  1.000000 
64   3729  1.000000 
635   3729  1.000000 
750   664  1.000000 
1104   669  0.500000 
1104   670  0.500000 
1301   3729  0.900000 
615   4984  0.667000 
615   1679  0.167000 
615   2693  0.167000 
1351   3738  1.000000 
1403   3738  0.111000 
1403   3729  0.889000 
737   1679  1.000000 
705   3729  1.000000 
1162   3729  1.000000 
749   1679  0.200000 
749   4984  0.800000 
315   3729  0.800000 
666   1679  1.000000 
444   3738  1.000000 
777   5940  1.000000 
702   564  1.000000 
750   1679  1.000000 
491   1507  0.500000 
491   1537  0.500000 
1035   4984  0.750000 
1414   3738  1.000000 
720   563  1.000000 
933   4984  1.000000 
1271   691  1.000000 
353   3738  0.250000 
353   3729  0.750000 
938   3729  1.000000 
411   3729  1.000000 
630   2693  0.143000 
630   4984  0.714000 
241   3729  0.600000 
137   3738  1.000000 
987   1679  0.500000 
987   4984  0.500000 
50   3729  1.000000 
946   4984  0.857000 
225   3729  1.000000 
678   5940  1.000000 
809   5940  1.000000 
348   3738  0.667000 
1081   672  1.000000 
778   3738  0.500000 
778   3729  0.500000 
288   3738  1.000000 
1044   1679  1.000000 
67   3729  1.000000 
1088   4984  1.000000 
331   3729  1.000000 
1428   3738  0.750000 
1428   3729  0.250000 
231   3729  1.000000 
547   669  1.000000 
522   4984  1.000000 
822   3729  1.000000 
1213   3729  0.833000 
1046   4984  0.400000 
1046   1679  0.200000 
6   3729  0.800000 
1017   3737  1.000000 
958   1679  1.000000 
1128   3729  0.857000 
1128   3738  0.143000 
866   1679  0.222000 
866   4984  0.667000 
196   3738  1.000000 
1010   3729  1.000000 
851   1447  1.000000 
665   3738  0.500000 
665   3729  0.500000 
592   1679  0.500000 
592   4984  0.500000 
1353   3738  0.500000 
1353   3729  0.500000 
643   1679  0.333000 
643   4984  0.667000 
