900   4743  1.000000 
288   1192  1.000000 
735   1192  1.000000 
904   3353  1.000000 
883   3353  1.000000 
114   4777  1.000000 
422   1192  1.000000 
756   1192  0.750000 
756   1193  0.125000 
1422   1192  1.000000 
1090   1192  1.000000 
721   3353  1.000000 
824   1192  1.000000 
1002   9650  1.000000 
646   1192  0.857000 
646   1193  0.143000 
1091   1192  0.889000 
557   1192  1.000000 
1336   1192  1.000000 
863   3353  1.000000 
576   1192  1.000000 
1080   1192  1.000000 
965   9755  1.000000 
1115   1192  1.000000 
1134   1192  0.889000 
1123   1192  1.000000 
852   3353  1.000000 
1068   1192  0.889000 
1068   3352  0.111000 
1436   3353  1.000000 
1027   1192  1.000000 
1425   1192  1.000000 
32   1192  1.000000 
645   1192  0.857000 
533   1192  0.857000 
405   1192  1.000000 
1041   1192  1.000000 
874   4845  1.000000 
697   3353  1.000000 
1133   1192  1.000000 
1415   1192  1.000000 
936   4845  1.000000 
975   3353  1.000000 
124   4777  1.000000 
854   4778  1.000000 
800   4845  1.000000 
242   4777  1.000000 
1292   3353  0.111000 
1292   1192  0.889000 
493   1192  1.000000 
1253   1192  1.000000 
945   4869  1.000000 
147   4777  1.000000 
507   1192  1.000000 
335   1192  1.000000 
1155   1192  0.889000 
693   1192  0.857000 
1066   1192  0.889000 
1066   3353  0.111000 
428   1192  1.000000 
563   1192  1.000000 
915   3353  0.500000 
915   1192  0.500000 
984   24604  1.000000 
864   1192  1.000000 
834   1192  1.000000 
127   4777  1.000000 
962   1192  0.857000 
962   2074  0.143000 
938   4869  1.000000 
619   3350  1.000000 
828   1192  1.000000 
872   4845  1.000000 
1219   1192  0.875000 
976   1192  0.500000 
976   3353  0.500000 
400   1192  1.000000 
774   1192  1.000000 
1328   1192  1.000000 
835   4845  1.000000 
598   3353  1.000000 
861   4845  1.000000 
1378   1192  1.000000 
958   3353  0.500000 
958   1192  0.500000 
1030   1192  0.875000 
1030   3353  0.125000 
768   1192  1.000000 
760   3353  0.250000 
760   1192  0.750000 
53   1192  1.000000 
824   4845  1.000000 
1004   1192  0.857000 
1004   1193  0.143000 
936   3353  1.000000 
609   1193  1.000000 
238   4777  1.000000 
901   3353  1.000000 
1304   1192  1.000000 
908   3353  1.000000 
917   4743  1.000000 
900   1193  0.167000 
900   1192  0.833000 
138   4777  1.000000 
646   1192  0.857000 
646   1193  0.143000 
752   4743  1.000000 
213   1192  1.000000 
1149   1192  1.000000 
656   1192  1.000000 
313   1192  0.714000 
51   1192  1.000000 
447   1192  1.000000 
1214   1192  0.889000 
581   1192  1.000000 
453   1192  1.000000 
333   1192  0.857000 
575   1192  1.000000 
318   1192  1.000000 
602   1192  0.857000 
602   1193  0.143000 
925   4845  1.000000 
52   1192  1.000000 
1038   1192  1.000000 
717   3353  1.000000 
805   1192  0.857000 
882   1192  1.000000 
797   4845  1.000000 
974   1192  0.800000 
974   3353  0.200000 
771   769  1.000000 
879   1192  1.000000 
554   1192  1.000000 
1112   1192  0.889000 
1112   3353  0.111000 
155   1192  1.000000 
837   4845  1.000000 
976   1192  1.000000 
1273   1192  1.000000 
1052   1192  1.000000 
752   1192  1.000000 
758   2074  0.500000 
758   3353  0.500000 
1402   3353  1.000000 
438   1192  1.000000 
954   769  1.000000 
977   3353  1.000000 
522   1192  1.000000 
643   3352  1.000000 
766   3352  1.000000 
1031   4732  1.000000 
727   1192  1.000000 
857   4845  1.000000 
1109   1192  1.000000 
644   4743  1.000000 
1097   1192  1.000000 
1036   1192  1.000000 
479   1192  1.000000 
217   4777  1.000000 
228   1192  1.000000 
26   667  1.000000 
109   4777  1.000000 
187   4777  1.000000 
512   1192  1.000000 
623   1192  1.000000 
741   1192  0.750000 
741   4777  0.125000 
787   1192  1.000000 
893   4845  1.000000 
1018   3353  1.000000 
1064   1192  0.889000 
1012   1192  0.875000 
1012   2074  0.125000 
634   1192  1.000000 
709   1192  1.000000 
1023   3353  1.000000 
1034   3353  1.000000 
1359   1192  1.000000 
923   3660  1.000000 
770   3353  0.500000 
770   4845  0.500000 
922   4777  1.000000 
731   1193  1.000000 
877   4844  1.000000 
971   1192  1.000000 
1037   770  1.000000 
980   3353  0.167000 
980   1192  0.833000 
838   3353  0.125000 
838   1192  0.875000 
809   4845  1.000000 
1426   1192  1.000000 
1314   1192  0.889000 
908   1192  1.000000 
653   1192  0.875000 
653   4743  0.125000 
875   3353  1.000000 
548   1192  1.000000 
957   1192  1.000000 
1029   1192  1.000000 
325   1192  0.857000 
655   1192  1.000000 
763   1192  1.000000 
23   1192  1.000000 
344   1192  1.000000 
741   1192  0.750000 
741   4777  0.125000 
222   1192  1.000000 
672   4777  1.000000 
775   1192  1.000000 
19   1192  1.000000 
718   1192  1.000000 
959   769  1.000000 
9   662  1.000000 
773   3353  0.500000 
773   1192  0.500000 
148   1192  1.000000 
1349   1192  1.000000 
807   3353  1.000000 
167   4777  1.000000 
917   3353  0.500000 
917   1192  0.500000 
973   3353  0.667000 
973   1192  0.333000 
950   3353  1.000000 
705   1192  1.000000 
925   3353  1.000000 
1409   3353  1.000000 
1303   1192  1.000000 
1387   1192  1.000000 
228   4777  1.000000 
1301   1192  1.000000 
1424   1192  1.000000 
818   3353  1.000000 
289   1192  1.000000 
672   1192  1.000000 
592   1192  1.000000 
866   3353  1.000000 
1000   9650  1.000000 
1351   1192  1.000000 
1107   1192  1.000000 
1314   1192  0.889000 
790   1192  1.000000 
1056   1193  1.000000 
588   1192  1.000000 
465   1192  1.000000 
921   3353  1.000000 
1401   3353  1.000000 
1190   1192  1.000000 
836   3353  1.000000 
1122   3353  1.000000 
329   1192  0.857000 
1067   1192  1.000000 
933   3352  1.000000 
452   1192  1.000000 
964   1192  1.000000 
1410   1192  1.000000 
915   3353  0.500000 
915   1192  0.500000 
91   1192  1.000000 
1224   1192  1.000000 
974   1192  0.500000 
974   3353  0.500000 
1218   1192  0.889000 
841   4845  1.000000 
667   1192  1.000000 
644   1192  1.000000 
223   1192  1.000000 
889   1192  1.000000 
1088   1192  1.000000 
929   4766  1.000000 
149   1192  1.000000 
1189   1192  1.000000 
488   1192  1.000000 
864   4845  1.000000 
926   4777  1.000000 
1208   1192  1.000000 
573   1192  1.000000 
922   3352  1.000000 
881   1192  1.000000 
122   4777  1.000000 
997   2074  1.000000 
368   1192  1.000000 
699   1192  1.000000 
886   3353  0.143000 
886   1192  0.857000 
168   1192  1.000000 
853   1192  1.000000 
173   1192  1.000000 
1014   3353  0.143000 
1014   1192  0.857000 
831   1192  1.000000 
1061   1193  1.000000 
832   1192  1.000000 
1007   1192  1.000000 
659   1192  1.000000 
61   1192  1.000000 
96   1192  1.000000 
474   1192  1.000000 
1108   1192  1.000000 
293   1192  1.000000 
926   4764  1.000000 
900   3353  1.000000 
821   1192  1.000000 
151   4777  1.000000 
719   1192  1.000000 
327   1192  1.000000 
928   4766  1.000000 
1296   1192  1.000000 
1003   2074  0.143000 
1003   1192  0.857000 
1205   1192  1.000000 
702   1192  1.000000 
1074   1192  1.000000 
1024   1192  0.857000 
1217   1192  1.000000 
1252   1192  1.000000 
34   1497  1.000000 
444   1192  1.000000 
803   4845  1.000000 
1086   3353  1.000000 
1155   1192  0.889000 
217   1192  1.000000 
942   3353  1.000000 
245   1192  1.000000 
925   3352  1.000000 
867   3353  1.000000 
118   4777  1.000000 
594   1192  0.857000 
594   3353  0.143000 
1005   1193  1.000000 
1022   1192  1.000000 
449   1192  1.000000 
1006   1193  1.000000 
1162   1192  1.000000 
1013   1192  1.000000 
1075   1192  0.875000 
923   3352  1.000000 
733   1193  0.167000 
733   1192  0.833000 
286   1192  1.000000 
1348   1192  1.000000 
843   4845  1.000000 
1262   1192  1.000000 
1397   3353  1.000000 
901   1193  1.000000 
1119   3353  1.000000 
12   692  1.000000 
903   1192  1.000000 
1401   1192  1.000000 
156   1192  1.000000 
982   2074  1.000000 
982   9755  1.000000 
92   1192  1.000000 
942   4845  1.000000 
883   1192  1.000000 
1070   1192  1.000000 
1070   3352  1.000000 
598   1192  1.000000 
1424   3353  1.000000 
524   1192  1.000000 
265   4777  1.000000 
27   585  1.000000 
324   1192  1.000000 
205   1192  1.000000 
1227   1192  0.889000 
1120   3353  1.000000 
197   1192  1.000000 
1299   1192  1.000000 
723   3353  1.000000 
1395   3353  0.111000 
1395   1192  0.889000 
1278   1192  1.000000 
227   4777  1.000000 
761   3353  1.000000 
313   1192  0.714000 
1105   1192  1.000000 
198   4777  1.000000 
1400   3353  1.000000 
929   4845  1.000000 
951   9755  1.000000 
639   1192  1.000000 
97   4777  1.000000 
920   3353  1.000000 
1154   1192  1.000000 
521   1192  1.000000 
624   3350  1.000000 
356   1192  1.000000 
864   3353  1.000000 
1001   9650  1.000000 
894   1193  1.000000 
961   1192  1.000000 
28   1192  1.000000 
266   4777  1.000000 
1055   1192  1.000000 
1043   1193  1.000000 
1317   1192  1.000000 
1129   1192  1.000000 
65   1192  1.000000 
993   1192  1.000000 
919   4845  1.000000 
399   1192  1.000000 
986   3718  1.000000 
1076   3352  1.000000 
1266   1192  1.000000 
953   4845  1.000000 
958   9755  1.000000 
175   4777  1.000000 
601   1192  1.000000 
788   3353  1.000000 
555   1192  1.000000 
1004   2074  1.000000 
857   1192  1.000000 
418   1192  1.000000 
918   4845  1.000000 
1212   1192  0.889000 
1319   1192  1.000000 
1423   1192  1.000000 
1229   1192  0.889000 
1072   1192  1.000000 
539   1192  1.000000 
1210   1192  0.857000 
966   1192  1.000000 
123   1192  1.000000 
150   1192  1.000000 
326   1192  1.000000 
918   3664  1.000000 
243   1192  1.000000 
691   3353  1.000000 
1131   1192  0.778000 
1384   1192  1.000000 
285   1192  1.000000 
176   4777  1.000000 
458   1192  1.000000 
1358   1192  1.000000 
518   1192  1.000000 
249   4777  1.000000 
732   1192  1.000000 
77   1192  1.000000 
451   3353  0.143000 
451   1192  0.857000 
38   1173  1.000000 
156   4777  1.000000 
643   1192  1.000000 
193   4777  1.000000 
841   3353  1.000000 
1308   1192  1.000000 
411   1192  1.000000 
941   3353  0.500000 
941   1192  0.500000 
740   3718  1.000000 
132   1192  1.000000 
923   3353  1.000000 
1405   3353  1.000000 
918   4777  1.000000 
1225   1192  1.000000 
949   4845  1.000000 
582   3353  0.143000 
582   1192  0.857000 
559   1192  1.000000 
858   3353  1.000000 
876   1192  1.000000 
730   1192  0.857000 
748   4777  1.000000 
17   667  1.000000 
961   9755  1.000000 
511   1192  1.000000 
640   1192  1.000000 
865   3353  1.000000 
669   1192  1.000000 
164   4777  1.000000 
840   3353  1.000000 
791   4845  1.000000 
424   1192  1.000000 
690   3353  1.000000 
794   3353  1.000000 
937   3353  1.000000 
97   1192  1.000000 
893   1193  1.000000 
1163   1192  1.000000 
858   4845  1.000000 
947   4845  1.000000 
1199   1192  1.000000 
1288   1192  1.000000 
94   4777  1.000000 
703   1192  1.000000 
802   3353  1.000000 
1307   1192  1.000000 
863   1192  1.000000 
684   1192  0.875000 
454   1192  1.000000 
376   1192  1.000000 
144   4777  1.000000 
781   4845  1.000000 
962   9755  1.000000 
924   3352  1.000000 
931   1192  1.000000 
791   1192  1.000000 
860   3353  1.000000 
1152   1192  1.000000 
814   1192  1.000000 
2   658  1.000000 
1187   1192  1.000000 
1417   3353  1.000000 
638   1192  1.000000 
940   3353  1.000000 
902   3353  1.000000 
540   1192  1.000000 
632   1192  1.000000 
762   1192  1.000000 
994   9650  1.000000 
133   4777  1.000000 
656   4777  1.000000 
880   1192  1.000000 
1399   1192  1.000000 
104   1192  1.000000 
530   1192  1.000000 
1430   1192  1.000000 
355   1192  1.000000 
711   1192  1.000000 
533   1192  0.857000 
943   4869  1.000000 
382   1192  1.000000 
887   1192  1.000000 
945   1192  1.000000 
802   1192  0.857000 
1033   3666  1.000000 
824   3353  1.000000 
992   1192  1.000000 
282   1192  0.833000 
253   4777  1.000000 
1335   1192  1.000000 
933   1192  1.000000 
1028   3687  1.000000 
841   1192  1.000000 
918   1192  0.800000 
918   3353  0.200000 
652   1192  1.000000 
463   1192  1.000000 
628   1192  1.000000 
1276   1192  1.000000 
1153   1192  1.000000 
935   1192  1.000000 
1106   1192  1.000000 
893   3353  1.000000 
299   1192  1.000000 
57   1192  1.000000 
655   4777  1.000000 
853   4778  1.000000 
959   1192  0.833000 
959   2074  0.167000 
912   1192  0.800000 
912   3353  0.200000 
252   4777  1.000000 
1392   1192  0.889000 
682   1192  1.000000 
22   1192  1.000000 
980   3718  1.000000 
677   1192  0.889000 
748   1192  1.000000 
10   1192  1.000000 
94   1192  1.000000 
1207   1192  1.000000 
737   1192  1.000000 
1052   1193  1.000000 
825   3353  1.000000 
654   4777  1.000000 
388   1192  1.000000 
338   1192  1.000000 
251   1192  1.000000 
572   1192  1.000000 
203   1192  1.000000 
1315   1192  1.000000 
494   1192  1.000000 
884   3353  1.000000 
919   4743  1.000000 
260   1192  1.000000 
813   3353  1.000000 
1360   1192  1.000000 
1027   3660  1.000000 
1322   1192  1.000000 
1053   1192  1.000000 
793   3353  1.000000 
965   1192  1.000000 
992   3718  1.000000 
604   1193  1.000000 
86   1192  1.000000 
35   1192  1.000000 
930   4766  1.000000 
346   1192  1.000000 
649   1192  1.000000 
1429   1192  1.000000 
