728   6187  1.000000 
688   4073  0.750000 
688   4070  0.250000 
653   5814  1.000000 
449   4070  1.000000 
900   5815  1.000000 
903   5814  1.000000 
740   4070  1.000000 
1141   4073  1.000000 
1383   5814  1.000000 
556   4070  1.000000 
14   4070  1.000000 
796   5814  1.000000 
803   6229  1.000000 
1376   6224  1.000000 
695   6242  1.000000 
915   14365  1.000000 
442   5814  1.000000 
1282   4073  1.000000 
53   4070  0.500000 
235   4073  0.500000 
235   4070  0.500000 
339   4073  1.000000 
308   4073  1.000000 
644   4073  1.000000 
1242   6225  1.000000 
431   3652  1.000000 
1430   4073  1.000000 
850   5814  1.000000 
1082   4073  1.000000 
609   5814  1.000000 
1143   4073  1.000000 
1122   5814  1.000000 
845   6229  1.000000 
614   14750  1.000000 
832   6229  1.000000 
1089   4073  1.000000 
366   4070  1.000000 
1370   4073  1.000000 
1268   6225  1.000000 
500   4073  1.000000 
732   5815  1.000000 
1050   4070  1.000000 
746   6251  1.000000 
395   5814  0.833000 
1132   4070  0.143000 
1132   5814  0.714000 
486   5814  1.000000 
1423   4073  1.000000 
592   4070  1.000000 
321   5814  0.833000 
532   4073  0.667000 
532   4070  0.333000 
19   4073  1.000000 
412   4070  1.000000 
932   14358  1.000000 
704   5814  1.000000 
940   5814  1.000000 
470   4073  1.000000 
764   3179  1.000000 
849   5814  1.000000 
428   4073  1.000000 
101   4073  1.000000 
846   6229  1.000000 
1008   14357  1.000000 
1169   6224  1.000000 
607   5814  1.000000 
513   4073  1.000000 
597   4073  1.000000 
572   4073  1.000000 
1411   5814  1.000000 
944   5815  1.000000 
143   5814  0.800000 
538   4070  1.000000 
392   4073  1.000000 
391   4070  1.000000 
962   5815  1.000000 
799   5814  1.000000 
583   4071  1.000000 
232   4073  1.000000 
289   5814  1.000000 
1388   4071  1.000000 
1255   4073  1.000000 
540   4073  0.667000 
540   4070  0.333000 
577   4070  1.000000 
625   4073  1.000000 
1152   4073  1.000000 
664   4073  1.000000 
368   4073  0.667000 
368   4070  0.333000 
566   4252  1.000000 
969   14362  1.000000 
144   5814  1.000000 
665   14753  1.000000 
565   4070  1.000000 
610   4071  1.000000 
1261   5814  1.000000 
1246   6225  1.000000 
506   4070  0.333000 
506   4073  0.667000 
312   4073  1.000000 
419   5814  1.000000 
425   4073  1.000000 
375   5814  1.000000 
852   5814  1.000000 
739   5814  1.000000 
1189   5814  0.800000 
1189   5816  0.200000 
1148   6224  1.000000 
555   14639  1.000000 
149   4070  1.000000 
602   14759  1.000000 
1025   4073  1.000000 
1424   4073  1.000000 
1379   6224  1.000000 
668   14753  1.000000 
544   5814  1.000000 
397   4070  1.000000 
670   4073  1.000000 
1129   6224  1.000000 
1175   5814  1.000000 
164   4073  1.000000 
749   6195  1.000000 
285   5814  1.000000 
719   6180  1.000000 
720   6185  1.000000 
929   5817  1.000000 
1170   6224  1.000000 
679   4070  1.000000 
1278   5814  1.000000 
1325   5814  1.000000 
408   5814  1.000000 
714   14626  1.000000 
1281   4073  1.000000 
935   14358  1.000000 
44   4073  1.000000 
771   13180  1.000000 
399   5814  1.000000 
1040   4073  1.000000 
877   5814  1.000000 
711   5814  1.000000 
746   4073  1.000000 
668   4070  1.000000 
700   4070  0.333000 
700   4073  0.667000 
1304   6225  1.000000 
1249   6225  1.000000 
1229   4070  1.000000 
1374   6224  1.000000 
1274   5814  1.000000 
400   4070  1.000000 
891   5814  1.000000 
1241   6225  1.000000 
720   4073  1.000000 
1336   5814  1.000000 
994   5816  0.125000 
994   5814  0.875000 
145   4070  1.000000 
57   4073  0.500000 
57   4070  0.500000 
1238   4073  1.000000 
1247   4073  1.000000 
1018   6216  1.000000 
1351   6225  1.000000 
912   14365  1.000000 
201   4073  1.000000 
289   4070  1.000000 
4   4070  0.500000 
824   6229  1.000000 
1051   4073  1.000000 
1334   4073  1.000000 
680   4073  1.000000 
338   5814  1.000000 
515   4070  0.500000 
515   4073  0.500000 
615   5814  1.000000 
807   6229  1.000000 
945   14364  1.000000 
1314   6225  1.000000 
348   5814  1.000000 
510   4073  0.667000 
510   4070  0.333000 
342   4070  1.000000 
730   4070  0.167000 
730   5814  0.833000 
767   6209  1.000000 
118   4070  1.000000 
1397   5814  1.000000 
1381   4073  1.000000 
524   5814  1.000000 
212   4070  1.000000 
911   5815  1.000000 
81   4070  1.000000 
1088   4073  1.000000 
476   4073  1.000000 
197   4070  1.000000 
663   5814  1.000000 
18   5814  1.000000 
1400   5814  1.000000 
165   5814  1.000000 
173   4073  1.000000 
1050   4073  1.000000 
844   5814  1.000000 
817   5814  0.833000 
900   5814  1.000000 
128   5814  1.000000 
542   5814  1.000000 
1031   6224  1.000000 
1004   5814  1.000000 
552   5814  0.800000 
1123   5814  1.000000 
1144   6224  1.000000 
990   5816  0.125000 
990   5814  0.875000 
1350   4073  1.000000 
779   4073  1.000000 
1290   5814  0.833000 
1290   4070  0.167000 
751   5814  1.000000 
584   4071  1.000000 
189   4073  1.000000 
1085   4073  1.000000 
1176   5814  1.000000 
559   4070  0.500000 
559   4073  0.500000 
794   4071  1.000000 
777   5814  1.000000 
192   4073  1.000000 
361   5814  1.000000 
855   6229  1.000000 
716   4073  1.000000 
1036   5814  1.000000 
1214   4073  1.000000 
1263   6225  1.000000 
1233   6225  1.000000 
560   4070  1.000000 
110   4070  1.000000 
998   14366  1.000000 
695   5814  1.000000 
1343   5814  1.000000 
82   4073  1.000000 
72   4073  1.000000 
706   5814  1.000000 
591   5814  0.750000 
1291   4073  1.000000 
715   14626  1.000000 
380   4070  0.500000 
380   4073  0.500000 
535   4073  0.667000 
535   4070  0.333000 
630   5814  1.000000 
781   5814  0.857000 
254   4073  1.000000 
1   5814  0.800000 
804   4071  1.000000 
908   4070  0.500000 
908   5814  0.500000 
326   5814  1.000000 
1274   4073  1.000000 
591   4070  1.000000 
239   4073  0.500000 
239   4070  0.500000 
965   5814  1.000000 
1338   5814  1.000000 
1293   4073  1.000000 
652   5814  1.000000 
374   5814  1.000000 
1317   4073  1.000000 
992   5814  0.875000 
992   5816  0.125000 
143   4073  1.000000 
773   5815  1.000000 
326   4073  1.000000 
854   5814  1.000000 
462   4070  1.000000 
560   5814  0.800000 
717   4070  1.000000 
133   4073  1.000000 
332   4070  1.000000 
1420   5814  1.000000 
984   5816  1.000000 
151   4070  1.000000 
458   4070  1.000000 
420   6238  1.000000 
858   5814  1.000000 
280   5814  1.000000 
1250   6225  1.000000 
1341   6225  1.000000 
307   4070  1.000000 
684   5814  1.000000 
1214   5814  1.000000 
887   4073  1.000000 
1027   6224  1.000000 
612   14748  1.000000 
1026   6224  1.000000 
563   5814  0.667000 
563   4073  0.333000 
1196   6224  1.000000 
735   5814  1.000000 
1375   4073  1.000000 
281   4070  1.000000 
161   4070  1.000000 
735   4070  1.000000 
1300   4073  0.500000 
1300   5814  0.500000 
53   4073  1.000000 
328   4073  0.500000 
328   4070  0.500000 
343   4070  1.000000 
993   5814  1.000000 
585   14743  1.000000 
221   5814  1.000000 
318   4073  1.000000 
1403   6224  1.000000 
445   4073  1.000000 
140   5814  1.000000 
1270   5814  1.000000 
1046   5814  1.000000 
1070   4073  1.000000 
1389   4073  1.000000 
265   4073  1.000000 
1244   5814  1.000000 
717   6181  1.000000 
432   3652  1.000000 
377   4073  0.500000 
377   4070  0.500000 
22   4073  1.000000 
992   5814  0.875000 
992   5816  0.125000 
370   4073  0.500000 
39   4070  1.000000 
815   5814  1.000000 
808   6229  1.000000 
1016   5814  1.000000 
969   5814  1.000000 
478   4073  1.000000 
59   4073  1.000000 
1271   4073  0.125000 
1271   5814  0.875000 
1396   5814  1.000000 
184   5814  1.000000 
1379   4073  1.000000 
835   5814  0.875000 
1253   6225  1.000000 
787   4071  1.000000 
409   4070  0.500000 
463   4073  1.000000 
136   4073  1.000000 
37   5814  1.000000 
451   5814  1.000000 
711   4073  0.500000 
867   14357  1.000000 
73   4073  1.000000 
1387   6224  1.000000 
1286   4070  1.000000 
195   4073  1.000000 
100   4073  1.000000 
628   28963  1.000000 
1311   4073  0.143000 
1311   5814  0.714000 
1168   6224  1.000000 
252   5814  1.000000 
725   14627  1.000000 
696   4073  1.000000 
63   4070  1.000000 
369   4073  1.000000 
667   5814  1.000000 
1222   5814  1.000000 
658   4073  0.500000 
658   4070  0.500000 
1160   6224  1.000000 
1222   6225  1.000000 
1349   4073  1.000000 
87   4073  1.000000 
629   5814  1.000000 
760   6253  1.000000 
826   6229  1.000000 
139   4073  1.000000 
437   5814  1.000000 
648   4073  1.000000 
936   5815  1.000000 
805   6229  1.000000 
1377   4073  1.000000 
126   4073  1.000000 
378   4070  1.000000 
627   4073  1.000000 
1120   6224  1.000000 
520   5814  1.000000 
536   3905  1.000000 
258   4070  1.000000 
658   14753  1.000000 
890   5814  0.875000 
999   5814  0.750000 
999   4073  0.125000 
1225   6225  1.000000 
1166   4073  1.000000 
680   14747  1.000000 
921   5817  1.000000 
1009   4070  1.000000 
1377   6224  1.000000 
1130   4073  1.000000 
657   4073  0.500000 
657   4070  0.500000 
1358   5814  1.000000 
772   5814  1.000000 
1431   6224  1.000000 
714   4073  1.000000 
938   14358  1.000000 
497   4070  1.000000 
8   4073  1.000000 
107   5814  1.000000 
1300   6225  1.000000 
324   4073  0.500000 
324   4070  0.500000 
1360   6225  1.000000 
1384   4071  1.000000 
1042   6224  1.000000 
223   4073  1.000000 
955   5815  1.000000 
1079   6224  1.000000 
218   5814  1.000000 
731   5815  1.000000 
543   6355  1.000000 
48   5814  1.000000 
304   4070  1.000000 
1317   6225  1.000000 
359   4073  1.000000 
927   14365  1.000000 
14   4073  1.000000 
569   4250  1.000000 
1181   5814  1.000000 
650   4073  1.000000 
470   4070  1.000000 
1229   6225  1.000000 
43   5814  1.000000 
1175   6224  1.000000 
1167   6224  1.000000 
1054   5814  1.000000 
1389   6224  1.000000 
752   6265  1.000000 
551   4073  1.000000 
86   5814  1.000000 
48   4070  1.000000 
1034   5814  1.000000 
776   5815  1.000000 
987   14699  1.000000 
695   4073  1.000000 
704   14627  1.000000 
741   4070  1.000000 
1344   5814  1.000000 
1154   5814  0.833000 
802   6229  1.000000 
708   5814  1.000000 
110   5814  1.000000 
782   4073  1.000000 
229   4073  0.500000 
229   4070  0.500000 
882   14365  1.000000 
49   4070  1.000000 
593   5814  1.000000 
651   4073  1.000000 
1330   4073  1.000000 
1220   5814  0.857000 
1220   4070  0.143000 
1322   4070  1.000000 
1254   6225  1.000000 
196   5814  1.000000 
200   4070  1.000000 
575   5814  1.000000 
367   5814  1.000000 
1382   4071  1.000000 
687   14745  1.000000 
1007   14366  1.000000 
950   5814  1.000000 
354   5814  1.000000 
1143   6224  1.000000 
870   14366  1.000000 
781   5814  0.857000 
1127   6224  1.000000 
1247   6225  1.000000 
636   28963  1.000000 
1084   6224  1.000000 
853   6229  1.000000 
947   5814  1.000000 
382   4073  1.000000 
610   14745  1.000000 
942   5815  1.000000 
1041   6224  1.000000 
309   4070  1.000000 
525   4073  0.667000 
525   4070  0.333000 
268   4070  1.000000 
434   4070  1.000000 
993   5814  1.000000 
1391   4073  1.000000 
1231   6225  1.000000 
1381   5814  1.000000 
667   14753  1.000000 
788   4073  1.000000 
720   14627  1.000000 
1356   4073  1.000000 
1375   6224  1.000000 
1010   4070  1.000000 
134   5814  1.000000 
768   6211  1.000000 
445   4073  0.500000 
445   4070  0.500000 
93   5814  1.000000 
1158   4073  1.000000 
441   4073  1.000000 
364   4073  0.500000 
364   4070  0.500000 
680   9249  1.000000 
218   4070  1.000000 
618   4073  1.000000 
1231   4073  1.000000 
1337   5814  1.000000 
1401   5814  1.000000 
336   4070  0.500000 
336   4073  0.500000 
1221   4070  1.000000 
652   4073  1.000000 
340   5814  1.000000 
1022   4073  1.000000 
36   4073  1.000000 
1126   5814  1.000000 
807   4073  1.000000 
950   5815  1.000000 
270   4073  1.000000 
519   5814  1.000000 
1084   4073  1.000000 
1035   4073  1.000000 
1125   5814  0.857000 
1202   5814  1.000000 
88   4073  1.000000 
898   5814  1.000000 
768   5814  0.833000 
768   5815  0.167000 
1402   4070  1.000000 
539   3907  1.000000 
136   5814  1.000000 
58   5814  1.000000 
459   4073  1.000000 
1285   6225  1.000000 
387   5814  1.000000 
1049   5814  1.000000 
472   5814  1.000000 
1398   4070  1.000000 
303   5814  0.833000 
1105   5814  1.000000 
1178   5814  1.000000 
1340   4073  1.000000 
918   5817  1.000000 
209   4073  1.000000 
864   5816  0.125000 
864   5814  0.875000 
404   5821  0.167000 
404   5814  0.833000 
1121   4070  1.000000 
548   4070  1.000000 
1191   4073  1.000000 
454   4070  1.000000 
517   4073  1.000000 
475   4070  1.000000 
664   5814  1.000000 
466   5814  1.000000 
483   4073  1.000000 
107   4073  1.000000 
953   20766  1.000000 
557   14636  1.000000 
1265   4073  1.000000 
1045   5814  0.857000 
966   5814  1.000000 
949   4070  1.000000 
1312   4073  1.000000 
1331   4070  1.000000 
1293   5814  1.000000 
1357   4073  1.000000 
926   14365  1.000000 
232   4070  1.000000 
460   5814  1.000000 
11   5814  1.000000 
1180   4071  1.000000 
1000   14702  1.000000 
223   4070  1.000000 
473   5284  1.000000 
528   5814  1.000000 
573   5814  0.750000 
1228   5814  1.000000 
94   4070  1.000000 
598   5814  1.000000 
20   4073  1.000000 
589   5814  1.000000 
1258   6225  1.000000 
176   4070  1.000000 
1218   5814  1.000000 
452   5814  1.000000 
142   5814  1.000000 
866   14356  1.000000 
1297   6225  1.000000 
876   14365  1.000000 
420   5814  1.000000 
1043   6224  1.000000 
806   5814  1.000000 
1032   5814  0.857000 
1032   5816  0.143000 
75   4070  1.000000 
714   6183  1.000000 
822   6229  1.000000 
757   5814  1.000000 
1279   4073  0.125000 
1279   5814  0.875000 
150   4073  1.000000 
327   4070  1.000000 
1157   5814  1.000000 
737   5814  1.000000 
332   4073  1.000000 
349   4073  0.500000 
349   4070  0.500000 
690   5814  1.000000 
130   4073  1.000000 
1345   5814  1.000000 
305   5814  1.000000 
879   4070  1.000000 
476   4070  1.000000 
308   5814  1.000000 
904   14365  1.000000 
1010   5814  1.000000 
1096   5814  0.857000 
931   14358  1.000000 
621   5814  1.000000 
278   4070  1.000000 
599   4073  1.000000 
324   5814  1.000000 
864   5816  0.125000 
864   5814  0.875000 
1016   6232  1.000000 
669   4073  0.500000 
669   4070  0.500000 
1397   4071  1.000000 
1361   5816  1.000000 
766   5814  1.000000 
89   4070  1.000000 
367   4073  1.000000 
438   18837  1.000000 
295   4070  1.000000 
1211   4073  1.000000 
984   14699  1.000000 
156   4070  1.000000 
508   4073  1.000000 
376   4070  1.000000 
1019   6218  1.000000 
663   14753  1.000000 
1021   4073  1.000000 
67   5814  0.800000 
727   5814  1.000000 
905   4070  0.167000 
905   5814  0.833000 
1060   5814  1.000000 
1114   4073  1.000000 
859   6231  1.000000 
886   5814  1.000000 
681   4073  1.000000 
999   14702  1.000000 
375   4073  0.500000 
130   5814  1.000000 
4   5814  1.000000 
522   5814  1.000000 
408   4070  0.500000 
408   4073  0.500000 
1372   5814  1.000000 
40   5814  1.000000 
299   5814  1.000000 
143   5814  0.800000 
548   6355  1.000000 
370   4073  0.500000 
1134   5814  0.833000 
558   5814  0.800000 
462   6187  1.000000 
346   4073  0.500000 
346   4070  0.500000 
455   4070  1.000000 
1047   5814  1.000000 
1087   5814  1.000000 
376   5814  0.833000 
234   4070  0.500000 
234   4073  0.500000 
713   4070  1.000000 
593   4070  1.000000 
394   4070  1.000000 
1397   6224  1.000000 
1008   4070  0.143000 
1008   5814  0.857000 
1189   4073  1.000000 
1314   5814  1.000000 
840   5814  1.000000 
439   4070  1.000000 
1399   6224  1.000000 
353   4070  0.500000 
353   4073  0.500000 
503   6210  1.000000 
520   4073  1.000000 
236   5814  1.000000 
972   14362  1.000000 
590   4073  1.000000 
408   4070  0.500000 
408   4073  0.500000 
371   4070  1.000000 
158   5814  1.000000 
1336   6225  1.000000 
944   5839  0.167000 
944   5814  0.833000 
862   5814  1.000000 
562   4073  1.000000 
409   5837  1.000000 
927   5814  1.000000 
578   4070  1.000000 
902   14365  1.000000 
631   28963  1.000000 
766   5814  1.000000 
792   4071  1.000000 
663   5814  0.333000 
663   4073  0.667000 
941   14358  1.000000 
433   4073  1.000000 
433   14370  1.000000 
1161   6224  1.000000 
1066   5814  0.833000 
53   5814  1.000000 
80   4070  1.000000 
409   4070  0.500000 
523   3894  1.000000 
1435   5814  1.000000 
1274   6225  1.000000 
1143   4073  1.000000 
1290   5814  0.833000 
1290   4070  0.167000 
1311   4073  1.000000 
288   4073  0.500000 
288   4070  0.500000 
1216   5814  1.000000 
549   4073  1.000000 
683   5814  1.000000 
1361   6225  1.000000 
383   4073  1.000000 
707   5814  0.750000 
903   5815  1.000000 
385   4073  1.000000 
1136   6224  1.000000 
597   14743  1.000000 
257   5814  0.750000 
705   5814  1.000000 
237   4070  1.000000 
469   14367  1.000000 
522   4073  0.667000 
522   4070  0.333000 
220   5814  1.000000 
939   5814  1.000000 
443   4070  0.500000 
443   4073  0.500000 
929   14366  1.000000 
757   5814  0.500000 
757   4073  0.500000 
1249   4073  1.000000 
416   5827  1.000000 
1126   6224  1.000000 
504   6211  1.000000 
293   4073  0.500000 
293   4070  0.500000 
867   5814  0.875000 
1277   4073  1.000000 
943   5814  0.857000 
428   4070  1.000000 
70   4073  1.000000 
69   4070  1.000000 
1169   5814  0.833000 
283   5814  1.000000 
105   5814  1.000000 
416   4073  1.000000 
115   4070  1.000000 
482   5814  1.000000 
1293   4070  1.000000 
930   5814  1.000000 
1101   5815  1.000000 
649   4070  0.250000 
649   4073  0.750000 
699   5814  0.667000 
171   5814  1.000000 
779   5814  0.857000 
779   5815  0.143000 
710   6183  1.000000 
845   5814  1.000000 
842   6229  1.000000 
1177   6224  1.000000 
1247   5814  1.000000 
626   28963  1.000000 
437   4073  0.500000 
437   4070  0.500000 
703   4070  0.333000 
703   4073  0.667000 
728   5815  1.000000 
443   4070  0.500000 
443   4073  0.500000 
156   4073  1.000000 
801   4073  1.000000 
34   4073  1.000000 
411   5825  1.000000 
379   4070  1.000000 
50   4073  1.000000 
604   4070  1.000000 
675   5814  1.000000 
712   6183  1.000000 
1079   5814  0.833000 
1079   4073  0.167000 
986   5816  1.000000 
1047   6224  1.000000 
42   5814  1.000000 
1154   4073  1.000000 
735   6190  1.000000 
679   14747  1.000000 
1424   5814  1.000000 
1339   4070  1.000000 
1114   5814  1.000000 
319   5814  1.000000 
516   4070  0.500000 
516   4073  0.500000 
266   4073  1.000000 
424   5814  0.800000 
1306   6225  1.000000 
406   5823  1.000000 
1203   6225  1.000000 
450   4070  0.500000 
450   4073  0.500000 
21   4073  1.000000 
242   4070  0.500000 
242   4073  0.500000 
881   5814  1.000000 
1233   5814  1.000000 
437   4073  0.500000 
437   4070  0.500000 
632   28963  1.000000 
254   4073  0.500000 
254   4070  0.500000 
276   4073  1.000000 
23   4073  1.000000 
926   5817  1.000000 
1117   6227  1.000000 
493   5814  1.000000 
691   5827  1.000000 
1398   4073  1.000000 
637   28963  1.000000 
1189   4070  1.000000 
948   5815  1.000000 
1414   6225  1.000000 
689   4070  1.000000 
724   4070  1.000000 
425   4070  1.000000 
718   5814  1.000000 
1115   6224  1.000000 
721   5814  1.000000 
1275   4073  1.000000 
642   4073  1.000000 
880   5814  1.000000 
660   4073  1.000000 
590   4070  1.000000 
1346   4071  1.000000 
222   4073  1.000000 
412   5814  1.000000 
1183   4073  1.000000 
1322   6225  1.000000 
128   4073  1.000000 
550   4073  1.000000 
36   4070  1.000000 
585   5814  1.000000 
694   14759  1.000000 
254   4073  0.500000 
254   4070  0.500000 
691   28960  1.000000 
432   5814  0.800000 
773   4073  1.000000 
442   14686  1.000000 
985   5814  0.833000 
985   4073  0.167000 
793   5814  1.000000 
564   4070  1.000000 
1106   4073  1.000000 
349   4073  1.000000 
1143   5814  1.000000 
613   5814  1.000000 
211   5814  1.000000 
234   4070  1.000000 
142   4070  1.000000 
886   14365  1.000000 
395   5814  0.833000 
1300   5814  1.000000 
258   5814  1.000000 
64   5814  1.000000 
1250   5815  1.000000 
930   5817  1.000000 
739   28958  1.000000 
186   5814  0.800000 
464   4070  1.000000 
809   6229  1.000000 
580   4071  1.000000 
1216   4070  1.000000 
1230   4070  1.000000 
683   4073  1.000000 
1321   6225  1.000000 
1348   5814  1.000000 
563   14741  1.000000 
1286   5814  0.833000 
352   4073  0.500000 
352   4070  0.500000 
209   4070  1.000000 
674   5814  1.000000 
799   4073  0.500000 
591   4073  1.000000 
496   5814  1.000000 
1096   6225  1.000000 
1326   4070  1.000000 
588   4070  1.000000 
118   4073  1.000000 
262   4073  1.000000 
291   4070  1.000000 
786   4071  1.000000 
1285   4073  1.000000 
889   5814  1.000000 
28   4073  1.000000 
1133   6224  1.000000 
202   4073  1.000000 
952   5815  1.000000 
686   5827  1.000000 
1169   4073  0.500000 
1169   4071  0.500000 
1054   5814  1.000000 
705   4070  1.000000 
1401   4070  1.000000 
932   5814  1.000000 
230   4070  0.500000 
230   4073  0.500000 
1015   4073  1.000000 
86   4073  1.000000 
1053   4073  1.000000 
568   5814  0.750000 
399   4073  1.000000 
1260   4073  1.000000 
155   4073  1.000000 
113   5814  1.000000 
812   6229  1.000000 
948   4070  1.000000 
1218   6225  1.000000 
1153   5814  1.000000 
1242   4073  1.000000 
210   5814  0.800000 
344   4073  1.000000 
1104   6224  1.000000 
1220   4070  1.000000 
800   4073  1.000000 
795   6229  1.000000 
486   4070  1.000000 
755   5815  1.000000 
1067   5814  1.000000 
1253   4073  1.000000 
1319   6225  1.000000 
751   4073  1.000000 
1245   4073  1.000000 
1429   6224  1.000000 
1368   5814  1.000000 
625   5814  1.000000 
1416   4073  1.000000 
1338   4070  1.000000 
344   4070  0.500000 
344   4073  0.500000 
654   4073  1.000000 
817   6229  1.000000 
536   4070  1.000000 
1177   4073  1.000000 
879   5814  1.000000 
722   5814  1.000000 
167   4073  1.000000 
800   5814  1.000000 
1081   4073  0.500000 
1081   5814  0.500000 
450   6183  1.000000 
996   14366  1.000000 
21   5814  1.000000 
1062   6224  1.000000 
1346   4070  1.000000 
1365   4070  1.000000 
703   5814  1.000000 
198   5814  1.000000 
981   5816  1.000000 
1   4073  1.000000 
820   5814  1.000000 
708   14686  1.000000 
1139   6224  1.000000 
246   5814  1.000000 
398   4070  0.500000 
398   4073  0.500000 
29   5814  1.000000 
1186   5814  1.000000 
204   4070  1.000000 
486   6197  1.000000 
1108   4073  1.000000 
61   4070  1.000000 
519   4070  1.000000 
563   4070  1.000000 
253   4073  1.000000 
1360   4073  1.000000 
651   14751  1.000000 
431   4070  1.000000 
563   5814  0.667000 
563   4073  0.333000 
1203   4073  1.000000 
810   4073  1.000000 
2   4073  1.000000 
546   4070  1.000000 
103   4070  1.000000 
656   4070  0.500000 
656   4073  0.500000 
836   5814  1.000000 
209   5814  1.000000 
426   4073  1.000000 
1355   4070  1.000000 
1331   4073  1.000000 
509   4073  1.000000 
1279   4073  0.125000 
1279   5814  0.875000 
119   4070  1.000000 
712   14626  1.000000 
978   5816  1.000000 
849   6229  1.000000 
769   4073  1.000000 
623   5814  1.000000 
1326   6225  1.000000 
283   4073  0.500000 
283   4070  0.500000 
333   4070  1.000000 
351   5814  1.000000 
455   6185  1.000000 
494   4070  0.333000 
494   4073  0.667000 
572   5814  1.000000 
1309   4073  1.000000 
41   5814  1.000000 
1366   4070  1.000000 
473   4073  1.000000 
1052   4070  1.000000 
1155   5814  1.000000 
698   4070  1.000000 
205   5814  1.000000 
1295   5814  1.000000 
380   5814  1.000000 
744   5814  1.000000 
1403   5814  1.000000 
637   4073  0.667000 
560   5814  0.800000 
978   5814  1.000000 
1208   4070  1.000000 
769   28957  1.000000 
926   5814  1.000000 
1102   6225  1.000000 
798   5814  1.000000 
1419   5814  1.000000 
678   5814  1.000000 
166   4070  1.000000 
295   4073  1.000000 
214   4070  1.000000 
1368   4070  1.000000 
588   5814  1.000000 
497   3179  1.000000 
873   4071  1.000000 
1339   6225  1.000000 
658   5814  1.000000 
543   4073  1.000000 
322   4070  1.000000 
494   3182  1.000000 
370   5814  1.000000 
233   4073  1.000000 
757   5815  1.000000 
684   14745  1.000000 
738   5814  1.000000 
141   4073  1.000000 
16   5814  0.800000 
219   5814  1.000000 
1410   5814  1.000000 
678   14753  1.000000 
1029   6224  1.000000 
778   6216  1.000000 
121   5814  1.000000 
73   4070  1.000000 
725   5814  1.000000 
277   4073  1.000000 
659   14753  1.000000 
297   5814  1.000000 
825   5814  1.000000 
