1263   23626  0.500000 
1263   5953  0.500000 
1350   2234  1.000000 
1323   5953  0.857000 
482   5321  1.000000 
1191   5947  0.333000 
1191   2200  0.667000 
1080   2200  1.000000 
866   5841  1.000000 
1337   5953  1.000000 
817   564  0.714000 
817   563  0.143000 
817   5841  0.143000 
951   3211  1.000000 
940   5841  0.500000 
940   564  0.500000 
525   562  0.909000 
189   5285  1.000000 
147   5285  1.000000 
959   1522  1.000000 
712   562  1.000000 
731   566  0.100000 
731   562  0.900000 
835   562  1.000000 
1176   2291  1.000000 
730   564  1.000000 
1013   1704  1.000000 
1247   2200  1.000000 
653   5841  0.667000 
653   564  0.333000 
1033   6294  1.000000 
589   562  1.000000 
752   5841  1.000000 
556   562  0.500000 
556   566  0.500000 
1009   1856  1.000000 
985   1836  1.000000 
1278   5953  1.000000 
934   5841  0.750000 
934   564  0.250000 
956   564  0.500000 
956   5841  0.500000 
636   564  1.000000 
900   562  1.000000 
1070   23675  1.000000 
553   562  1.000000 
88   5285  1.000000 
644   5841  1.000000 
877   2234  0.500000 
1065   6289  0.333000 
1065   1852  0.333000 
1065   1889  0.333000 
853   562  1.000000 
984   686  1.000000 
282   5285  1.000000 
726   562  0.889000 
724   5841  1.000000 
1300   2200  1.000000 
1225   2200  1.000000 
801   5841  0.833000 
801   564  0.167000 
57   5285  1.000000 
515   5285  1.000000 
1017   726  1.000000 
573   566  1.000000 
790   564  1.000000 
1105   2200  1.000000 
1019   1522  1.000000 
202   5285  1.000000 
1381   2200  1.000000 
1179   2291  1.000000 
1060   1882  1.000000 
1402   2200  1.000000 
865   564  1.000000 
806   5841  0.750000 
806   563  0.250000 
1108   5281  1.000000 
1062   5968  1.000000 
1078   1861  1.000000 
587   11847  1.000000 
552   564  0.500000 
552   562  0.500000 
1015   1515  1.000000 
683   564  1.000000 
587   562  0.750000 
587   566  0.083000 
1033   1890  1.000000 
1025   2234  1.000000 
805   5841  1.000000 
617   5841  0.500000 
617   564  0.500000 
846   2200  1.000000 
318   5285  1.000000 
952   5841  0.500000 
952   564  0.500000 
1101   5954  1.000000 
1046   2043  1.000000 
900   564  1.000000 
1387   2234  1.000000 
649   11847  1.000000 
1070   2237  1.000000 
850   2200  1.000000 
694   23702  1.000000 
1332   2235  1.000000 
611   562  1.000000 
571   11847  1.000000 
784   562  1.000000 
637   5841  1.000000 
962   568  1.000000 
961   5841  0.333000 
961   562  0.333000 
961   564  0.333000 
1206   5947  1.000000 
947   585  1.000000 
923   568  1.000000 
49   5285  1.000000 
1149   2200  1.000000 
12   5321  1.000000 
1107   5278  1.000000 
1175   2291  1.000000 
631   11847  1.000000 
943   564  0.500000 
943   5841  0.500000 
1343   2300  1.000000 
1054   2200  1.000000 
1024   1522  0.667000 
1024   1821  0.333000 
927   564  1.000000 
1320   23642  1.000000 
197   5285  1.000000 
673   5841  0.667000 
673   564  0.333000 
688   566  0.500000 
688   562  0.500000 
155   5285  1.000000 
444   5321  0.800000 
946   569  0.500000 
946   570  0.500000 
1395   5947  1.000000 
1204   5953  1.000000 
1203   5947  1.000000 
725   564  1.000000 
848   3586  1.000000 
1089   23637  1.000000 
1214   2200  1.000000 
1179   23667  1.000000 
1054   2343  1.000000 
815   5841  0.500000 
815   563  0.500000 
1087   1936  0.500000 
1087   1865  0.500000 
1413   2200  1.000000 
523   1006  1.000000 
664   5841  0.500000 
664   564  0.500000 
825   5841  0.500000 
825   564  0.500000 
1070   2200  1.000000 
849   564  1.000000 
880   564  0.600000 
880   563  0.200000 
880   5841  0.200000 
737   566  0.100000 
737   562  0.900000 
1343   2200  0.750000 
1343   5947  0.250000 
968   2200  1.000000 
723   5841  1.000000 
804   5841  0.400000 
804   564  0.400000 
1009   1921  1.000000 
488   5321  1.000000 
1212   5953  1.000000 
409   5321  1.000000 
1025   1929  1.000000 
543   563  1.000000 
374   5285  1.000000 
760   2699  0.091000 
760   562  0.909000 
988   667  1.000000 
843   563  0.200000 
843   564  0.800000 
739   566  0.182000 
739   562  0.818000 
1291   2200  1.000000 
490   562  0.500000 
846   3586  1.000000 
1246   5953  0.857000 
1246   23626  0.143000 
750   564  1.000000 
1038   2343  1.000000 
1005   667  0.750000 
998   667  0.500000 
998   3357  0.500000 
552   564  0.500000 
552   562  0.500000 
1393   2196  1.000000 
692   562  1.000000 
968   562  1.000000 
871   5841  0.250000 
871   564  0.750000 
845   562  1.000000 
656   5841  1.000000 
755   562  1.000000 
668   564  0.500000 
668   5841  0.500000 
386   5285  1.000000 
1433   5947  1.000000 
475   999  1.000000 
469   1674  0.500000 
469   663  0.333000 
469   999  0.167000 
490   562  1.000000 
878   2200  1.000000 
1366   2200  1.000000 
1100   23650  1.000000 
719   562  1.000000 
519   562  1.000000 
872   5841  0.500000 
872   563  0.250000 
872   564  0.250000 
686   562  1.000000 
769   562  0.818000 
1398   5947  0.500000 
1398   5946  0.500000 
857   5841  0.500000 
857   564  0.500000 
446   2256  1.000000 
867   564  1.000000 
1051   5250  1.000000 
894   564  0.500000 
894   5841  0.500000 
422   5285  1.000000 
1024   1843  1.000000 
916   5841  0.750000 
916   564  0.250000 
867   562  1.000000 
1272   5953  0.857000 
1272   23626  0.143000 
1029   1867  1.000000 
849   564  0.667000 
849   562  0.333000 
728   563  0.500000 
728   5841  0.500000 
1057   1861  1.000000 
810   2200  1.000000 
1407   2200  0.800000 
1407   2234  0.200000 
513   563  1.000000 
792   2200  1.000000 
976   569  1.000000 
628   562  1.000000 
1131   2234  1.000000 
1019   2200  1.000000 
957   5841  1.000000 
932   5841  0.250000 
932   563  0.250000 
932   564  0.500000 
1275   2292  1.000000 
985   999  1.000000 
652   564  0.250000 
652   5841  0.750000 
634   5841  0.500000 
634   564  0.500000 
1196   5953  1.000000 
487   562  1.000000 
555   563  1.000000 
1271   5953  1.000000 
336   5285  1.000000 
775   2200  1.000000 
1016   1514  1.000000 
116   5285  1.000000 
964   5841  0.500000 
964   564  0.500000 
881   564  1.000000 
570   562  0.909000 
1159   2234  1.000000 
1102   5959  1.000000 
1418   2200  1.000000 
456   5321  1.000000 
972   564  0.500000 
972   2345  0.500000 
1135   2234  1.000000 
924   564  1.000000 
1032   2343  1.000000 
1015   707  1.000000 
1354   2236  1.000000 
1039   1853  1.000000 
1012   1835  1.000000 
756   2200  1.000000 
1079   1860  0.500000 
1079   1861  0.500000 
811   5841  0.500000 
1158   5947  0.667000 
1158   5946  0.333000 
1050   2343  1.000000 
596   11847  1.000000 
549   566  0.100000 
549   562  0.900000 
385   5285  1.000000 
674   11847  1.000000 
60   5285  1.000000 
1029   1824  1.000000 
1370   11867  1.000000 
1248   2200  1.000000 
709   5841  1.000000 
642   564  0.500000 
642   563  0.500000 
1272   5953  0.857000 
1272   23626  0.143000 
549   5321  1.000000 
1294   5953  1.000000 
1128   2234  1.000000 
1200   2200  1.000000 
710   5841  1.000000 
1309   5953  1.000000 
1259   5953  1.000000 
1345   23626  1.000000 
1017   2036  1.000000 
764   2200  1.000000 
869   5841  0.500000 
869   563  0.250000 
869   564  0.250000 
1221   5953  0.889000 
1221   23626  0.111000 
851   2200  1.000000 
797   5841  0.400000 
797   564  0.600000 
774   562  1.000000 
229   5285  1.000000 
708   562  0.909000 
708   566  0.091000 
968   562  1.000000 
697   5841  1.000000 
845   5841  0.250000 
845   564  0.750000 
923   563  0.333000 
923   5841  0.333000 
923   564  0.333000 
744   5841  0.500000 
744   564  0.500000 
1035   1826  0.500000 
1035   1900  0.500000 
826   5841  0.286000 
826   564  0.714000 
671   564  1.000000 
673   11847  1.000000 
651   11847  1.000000 
841   5841  0.400000 
841   564  0.600000 
922   5841  0.400000 
922   564  0.400000 
922   563  0.200000 
1290   5953  1.000000 
566   562  0.909000 
708   5841  1.000000 
1048   4942  1.000000 
1039   1828  0.250000 
1039   1830  0.500000 
1341   2234  0.200000 
1341   2200  0.800000 
1035   1826  0.500000 
1035   1900  0.500000 
1213   5947  1.000000 
660   564  0.500000 
660   5841  0.500000 
834   5841  1.000000 
1414   2200  0.750000 
1414   5947  0.250000 
800   564  1.000000 
614   5841  0.500000 
418   5285  1.000000 
662   563  0.333000 
662   564  0.667000 
656   562  0.900000 
656   2699  0.100000 
724   562  1.000000 
501   562  1.000000 
1025   1821  0.250000 
1025   1521  0.250000 
1025   1522  0.250000 
1025   1709  0.250000 
900   5841  0.400000 
900   564  0.600000 
1020   1521  0.333000 
1020   1820  0.667000 
1182   23649  1.000000 
641   562  1.000000 
737   564  0.500000 
737   562  0.500000 
1139   2234  1.000000 
720   5841  1.000000 
985   686  1.000000 
1102   5278  1.000000 
1383   2200  1.000000 
1313   5953  1.000000 
485   4999  1.000000 
567   562  1.000000 
1385   5959  1.000000 
329   5285  1.000000 
1262   5953  0.714000 
1262   5950  0.143000 
1262   23626  0.143000 
870   564  1.000000 
1131   5947  1.000000 
685   564  1.000000 
1273   5953  1.000000 
1072   2234  1.000000 
579   11847  1.000000 
1053   1861  1.000000 
761   564  1.000000 
798   564  0.200000 
798   5841  0.800000 
517   563  1.000000 
560   562  0.800000 
560   566  0.100000 
647   562  1.000000 
219   5285  1.000000 
988   707  1.000000 
887   5841  0.400000 
887   564  0.600000 
939   2200  1.000000 
519   5285  1.000000 
498   563  1.000000 
531   564  0.500000 
531   562  0.500000 
1362   2199  1.000000 
1253   5953  0.875000 
1253   23626  0.125000 
670   562  1.000000 
1014   1704  1.000000 
488   739  1.000000 
852   564  1.000000 
1186   5954  1.000000 
744   5841  0.500000 
744   564  0.500000 
622   11847  1.000000 
696   564  1.000000 
880   564  0.500000 
880   5841  0.500000 
901   566  0.500000 
901   562  0.500000 
821   564  0.667000 
821   5841  0.167000 
1124   2200  0.889000 
1124   2234  0.111000 
466   5321  0.750000 
466   1674  0.125000 
466   663  0.125000 
1025   1821  0.250000 
1025   1521  0.250000 
1025   1522  0.250000 
1025   1709  0.250000 
979   1018  1.000000 
917   564  0.600000 
917   563  0.200000 
917   568  0.200000 
906   2200  1.000000 
123   5285  1.000000 
1379   23642  1.000000 
1431   5947  1.000000 
578   562  0.667000 
706   5841  1.000000 
964   5841  0.500000 
964   564  0.500000 
1102   2190  1.000000 
1267   23626  0.143000 
1267   5953  0.857000 
504   5321  1.000000 
561   999  1.000000 
1166   5946  1.000000 
932   5841  0.250000 
932   563  0.250000 
932   564  0.500000 
1185   5953  1.000000 
1293   5953  0.714000 
1293   23626  0.143000 
1215   5953  1.000000 
1108   5953  1.000000 
1364   2195  1.000000 
713   564  0.500000 
713   5841  0.500000 
1069   9814  1.000000 
1367   2197  1.000000 
857   5841  1.000000 
426   2347  1.000000 
994   1515  1.000000 
863   5841  0.200000 
863   564  0.600000 
1150   5947  1.000000 
651   5841  1.000000 
733   564  1.000000 
1170   2343  1.000000 
1100   5953  1.000000 
1182   5953  1.000000 
1245   2200  1.000000 
1000   667  1.000000 
1073   1885  1.000000 
26   5285  1.000000 
453   5285  1.000000 
1178   5957  1.000000 
1011   1818  1.000000 
507   562  1.000000 
780   5841  1.000000 
853   2200  1.000000 
1058   2200  1.000000 
722   566  1.000000 
817   564  0.714000 
817   563  0.143000 
817   5841  0.143000 
129   5285  1.000000 
588   564  1.000000 
437   5285  1.000000 
1362   2200  0.750000 
1362   2234  0.250000 
737   564  0.500000 
737   562  0.500000 
824   564  0.500000 
824   5841  0.500000 
1400   5947  1.000000 
1082   23644  1.000000 
1010   1817  1.000000 
728   2201  1.000000 
842   564  0.667000 
842   5841  0.333000 
1177   2291  1.000000 
843   562  0.200000 
843   564  0.200000 
843   5841  0.600000 
1024   1522  0.667000 
1024   1821  0.333000 
42   5285  1.000000 
866   2234  1.000000 
635   5841  1.000000 
1059   4944  0.500000 
1059   1847  0.500000 
422   5321  1.000000 
920   5841  0.400000 
920   563  0.200000 
920   564  0.400000 
824   564  0.857000 
824   5841  0.143000 
1049   1832  1.000000 
928   2200  1.000000 
1079   1860  0.500000 
1079   1861  0.500000 
1263   23626  0.500000 
1263   5953  0.500000 
1103   11867  1.000000 
1347   23650  1.000000 
1090   2180  1.000000 
971   568  1.000000 
740   562  1.000000 
770   5841  1.000000 
1328   5953  1.000000 
497   5285  1.000000 
1024   2035  1.000000 
1132   2200  1.000000 
35   5321  1.000000 
1290   2343  1.000000 
1360   2200  1.000000 
1350   2200  1.000000 
834   562  1.000000 
1360   5953  1.000000 
819   2200  1.000000 
436   5285  1.000000 
1352   2298  1.000000 
86   5285  1.000000 
650   11847  1.000000 
1053   5251  1.000000 
856   5841  1.000000 
1015   2908  1.000000 
1051   5970  0.500000 
1051   1842  0.500000 
971   1924  1.000000 
780   2200  1.000000 
518   564  1.000000 
1029   1825  0.333000 
1029   1824  0.667000 
796   564  0.750000 
796   5841  0.250000 
994   1522  1.000000 
434   5321  1.000000 
1383   2295  1.000000 
698   23702  1.000000 
1393   2200  0.800000 
1393   5947  0.200000 
1377   23649  1.000000 
25   5285  1.000000 
975   566  0.500000 
975   564  0.500000 
877   5841  1.000000 
1071   2037  1.000000 
520   564  0.091000 
520   562  0.818000 
1088   2234  0.333000 
1088   2200  0.667000 
1020   2035  1.000000 
545   5285  1.000000 
542   562  1.000000 
1399   5947  1.000000 
41   5285  1.000000 
979   571  1.000000 
1372   2234  1.000000 
1276   2200  1.000000 
949   2200  1.000000 
1208   5953  1.000000 
353   5285  1.000000 
1019   1522  0.500000 
1019   1521  0.500000 
1245   5947  1.000000 
1076   2200  0.667000 
1076   2234  0.333000 
550   562  1.000000 
792   5841  0.200000 
792   562  0.800000 
562   11847  1.000000 
882   2200  1.000000 
884   5841  0.600000 
884   564  0.400000 
724   564  1.000000 
653   562  1.000000 
1065   6289  0.333000 
1065   1852  0.333000 
1065   1889  0.333000 
727   562  1.000000 
1005   2200  1.000000 
1323   2200  1.000000 
513   5285  1.000000 
9   5321  1.000000 
586   11847  1.000000 
1378   2200  0.714000 
1378   2234  0.286000 
820   5841  1.000000 
909   5841  1.000000 
598   562  1.000000 
956   564  0.500000 
956   5841  0.500000 
1158   2200  0.800000 
1158   2234  0.200000 
891   564  0.667000 
891   5841  0.333000 
791   5841  1.000000 
961   5841  0.750000 
961   564  0.250000 
761   562  0.900000 
142   5285  1.000000 
1354   23637  0.333000 
1354   5953  0.333000 
602   11847  1.000000 
872   562  1.000000 
1216   23626  0.125000 
1216   5953  0.875000 
1271   5953  1.000000 
1342   5954  1.000000 
1071   1888  0.500000 
1071   1853  0.500000 
1077   1860  0.250000 
1077   1861  0.750000 
472   5285  1.000000 
1055   1898  1.000000 
858   564  1.000000 
1044   1833  1.000000 
910   5841  0.833000 
910   564  0.167000 
562   562  0.909000 
1204   5947  1.000000 
1016   1864  1.000000 
1048   1897  1.000000 
826   5841  0.500000 
826   564  0.500000 
853   564  0.714000 
853   5841  0.286000 
1144   5953  1.000000 
1263   5955  1.000000 
1111   2296  1.000000 
1011   1834  1.000000 
1056   2035  0.500000 
1056   1861  0.500000 
897   564  0.333000 
897   5841  0.667000 
1352   23637  1.000000 
419   5285  1.000000 
883   564  0.600000 
883   5841  0.400000 
867   5841  0.750000 
867   564  0.250000 
878   5841  0.600000 
878   564  0.400000 
1031   5227  1.000000 
735   2200  1.000000 
998   5969  1.000000 
1318   2200  1.000000 
1138   2200  0.875000 
905   2200  1.000000 
926   568  1.000000 
1196   2200  1.000000 
1219   2200  1.000000 
539   5285  1.000000 
400   5285  1.000000 
825   5841  0.143000 
825   564  0.857000 
654   11847  1.000000 
526   562  0.900000 
1112   5109  1.000000 
128   5285  1.000000 
961   2200  1.000000 
908   562  1.000000 
1282   5956  1.000000 
1262   5953  0.714000 
1262   5950  0.143000 
1262   23626  0.143000 
470   1674  0.400000 
470   663  0.400000 
470   999  0.200000 
1254   5947  1.000000 
317   5285  1.000000 
658   562  0.889000 
658   2699  0.111000 
831   566  1.000000 
803   564  0.167000 
803   5841  0.667000 
803   563  0.167000 
728   562  1.000000 
166   5285  1.000000 
1232   5953  1.000000 
599   11847  1.000000 
966   5841  0.333000 
966   564  0.667000 
225   5285  1.000000 
533   1006  1.000000 
748   5841  1.000000 
477   663  1.000000 
1014   2200  0.500000 
1091   2234  1.000000 
268   5285  1.000000 
1089   1868  1.000000 
1223   2200  1.000000 
902   564  0.500000 
902   562  0.250000 
902   5841  0.250000 
1349   5953  0.667000 
1349   23637  0.333000 
664   564  1.000000 
873   564  0.500000 
873   5841  0.500000 
608   564  1.000000 
206   5285  1.000000 
1099   5953  1.000000 
1276   5959  1.000000 
941   667  1.000000 
1048   1833  1.000000 
494   562  1.000000 
942   5841  1.000000 
1056   1844  1.000000 
745   2200  1.000000 
559   566  1.000000 
1071   1887  1.000000 
908   563  0.143000 
908   5841  0.714000 
908   564  0.143000 
1331   2195  1.000000 
611   5841  1.000000 
907   564  0.250000 
907   5841  0.750000 
1051   2199  1.000000 
956   564  0.250000 
956   5841  0.750000 
421   5285  1.000000 
560   11847  1.000000 
1157   2194  1.000000 
1212   2200  1.000000 
1389   2200  1.000000 
1218   5953  0.889000 
1218   23626  0.111000 
985   1817  1.000000 
1296   5953  1.000000 
806   564  0.800000 
806   5841  0.200000 
1038   1830  0.333000 
1038   1828  0.667000 
1298   5953  1.000000 
1361   2199  0.500000 
1361   5957  0.500000 
1244   5953  0.875000 
1244   23626  0.125000 
915   2345  0.143000 
915   5841  0.429000 
915   564  0.286000 
1161   5947  0.500000 
1161   2200  0.500000 
1081   1861  0.600000 
1081   1860  0.200000 
1081   1864  0.200000 
870   562  1.000000 
1155   5953  1.000000 
1265   2200  1.000000 
1036   2045  1.000000 
1014   1513  0.500000 
1014   2908  0.500000 
1135   2234  0.143000 
1135   2200  0.857000 
281   5285  1.000000 
337   5285  1.000000 
1119   2234  1.000000 
1242   23626  0.111000 
1242   5953  0.889000 
510   563  1.000000 
912   562  1.000000 
1172   23637  1.000000 
1146   5947  1.000000 
1135   5953  1.000000 
1186   23627  1.000000 
1067   2238  1.000000 
1030   2244  1.000000 
637   562  1.000000 
1016   2043  1.000000 
1000   2234  0.500000 
1000   2200  0.500000 
1054   1861  1.000000 
532   562  1.000000 
1186   5947  1.000000 
1171   2234  0.200000 
1171   2200  0.800000 
958   1685  1.000000 
1438   2200  1.000000 
903   562  1.000000 
1347   2200  1.000000 
1041   1831  1.000000 
1049   1841  1.000000 
1109   2296  0.333000 
1109   2205  0.667000 
885   5841  0.200000 
885   564  0.800000 
1187   23627  1.000000 
597   564  1.000000 
1045   1836  1.000000 
255   5285  1.000000 
824   564  0.857000 
824   5841  0.143000 
829   564  0.333000 
829   5841  0.667000 
1156   2234  0.143000 
1156   2200  0.714000 
1156   5947  0.143000 
769   2200  1.000000 
486   1019  1.000000 
1396   2234  0.167000 
1396   5947  0.167000 
1396   2200  0.667000 
1165   5953  1.000000 
878   566  1.000000 
760   564  1.000000 
1090   2180  1.000000 
939   5841  0.167000 
939   564  0.833000 
960   564  1.000000 
648   2699  1.000000 
1119   2200  0.250000 
1119   2234  0.750000 
1382   2200  1.000000 
962   5841  0.333000 
962   564  0.667000 
1146   2200  1.000000 
1346   5953  1.000000 
137   5285  1.000000 
1168   5947  1.000000 
1197   5953  1.000000 
905   5841  0.400000 
905   564  0.600000 
650   562  1.000000 
1186   5954  0.500000 
1186   2300  0.500000 
790   564  0.500000 
790   5841  0.500000 
1107   5281  1.000000 
532   5285  1.000000 
930   564  0.500000 
930   5841  0.500000 
511   563  1.000000 
1002   1850  1.000000 
1426   5947  0.667000 
588   566  0.111000 
588   562  0.778000 
67   5285  1.000000 
1019   1930  1.000000 
1266   2300  1.000000 
438   5321  1.000000 
1078   5278  1.000000 
1136   2234  0.500000 
1136   2200  0.500000 
1429   2200  1.000000 
1031   2343  1.000000 
161   5285  1.000000 
732   5841  1.000000 
482   739  0.667000 
482   568  0.333000 
1185   2300  0.500000 
1185   2236  0.500000 
1009   6059  1.000000 
469   663  1.000000 
547   562  1.000000 
1340   23664  0.167000 
1340   5953  0.833000 
903   5841  1.000000 
814   564  1.000000 
1041   11897  1.000000 
1308   5953  1.000000 
1003   667  1.000000 
1328   2200  1.000000 
1284   5953  1.000000 
1112   5281  1.000000 
1235   5953  0.857000 
1235   23626  0.143000 
28   5321  1.000000 
628   11847  1.000000 
718   23652  1.000000 
694   562  1.000000 
918   562  1.000000 
965   568  1.000000 
1159   5953  1.000000 
683   11847  1.000000 
1115   5953  1.000000 
1078   2234  0.333000 
1078   2200  0.667000 
1372   2200  1.000000 
811   2200  1.000000 
83   5285  1.000000 
1362   2199  1.000000 
1035   5978  1.000000 
1394   2200  1.000000 
1175   23637  1.000000 
1086   1865  1.000000 
616   11847  1.000000 
635   562  1.000000 
399   5285  1.000000 
413   5321  1.000000 
729   564  1.000000 
1305   2200  1.000000 
1162   2343  1.000000 
1356   5953  1.000000 
814   2200  1.000000 
1077   1861  1.000000 
1288   2342  1.000000 
876   564  1.000000 
902   2200  1.000000 
492   5285  1.000000 
1350   23637  0.500000 
1350   5953  0.500000 
1052   1835  1.000000 
1434   2200  1.000000 
1249   2200  1.000000 
481   562  1.000000 
112   5285  1.000000 
59   5285  1.000000 
1332   5953  1.000000 
1152   2199  0.111000 
1152   2234  0.222000 
1152   2200  0.667000 
1189   2200  1.000000 
1064   1849  1.000000 
1283   2200  1.000000 
960   564  0.667000 
960   563  0.333000 
1028   1846  1.000000 
415   5285  1.000000 
795   5841  1.000000 
1174   2199  1.000000 
958   564  0.143000 
958   5841  0.714000 
958   2345  0.143000 
930   999  1.000000 
1273   5953  0.857000 
1273   23626  0.143000 
1168   2200  1.000000 
580   566  0.083000 
580   562  0.833000 
816   562  1.000000 
1250   5947  1.000000 
712   5841  0.500000 
712   564  0.500000 
721   566  0.100000 
721   562  0.900000 
963   564  0.667000 
963   5841  0.333000 
773   2200  1.000000 
260   5285  1.000000 
1233   2200  1.000000 
525   5285  1.000000 
1071   1849  1.000000 
1174   23649  1.000000 
990   2200  1.000000 
495   562  1.000000 
932   5841  0.600000 
932   564  0.400000 
730   2204  1.000000 
583   564  1.000000 
239   5285  1.000000 
1190   5947  1.000000 
1359   5953  1.000000 
1110   5282  1.000000 
524   562  1.000000 
1252   2200  1.000000 
1265   5953  0.750000 
1265   23626  0.250000 
989   667  1.000000 
907   564  0.250000 
907   5841  0.750000 
895   5841  1.000000 
630   564  0.500000 
630   5841  0.500000 
1143   2200  1.000000 
1339   2200  1.000000 
1289   2200  1.000000 
1345   5953  0.500000 
971   564  0.333000 
971   562  0.333000 
971   568  0.333000 
510   562  1.000000 
47   5285  1.000000 
516   563  1.000000 
987   2200  1.000000 
992   666  1.000000 
800   563  0.500000 
800   562  0.500000 
1192   5953  0.833000 
1176   2197  1.000000 
467   5285  1.000000 
712   11847  1.000000 
440   5285  1.000000 
968   564  0.500000 
968   2345  0.500000 
851   5841  0.200000 
851   562  0.200000 
851   564  0.600000 
1053   1843  1.000000 
655   562  1.000000 
621   563  1.000000 
1291   5953  1.000000 
1210   2234  0.333000 
1210   2200  0.667000 
1091   11827  1.000000 
840   5841  0.400000 
840   564  0.600000 
950   564  0.667000 
950   563  0.333000 
970   1825  1.000000 
1110   2234  0.250000 
1110   2200  0.750000 
1122   2200  1.000000 
1232   5947  1.000000 
237   5285  1.000000 
863   5841  0.667000 
775   562  0.900000 
676   564  1.000000 
603   566  0.091000 
603   562  0.909000 
1187   5955  1.000000 
1270   23626  0.143000 
1270   5953  0.714000 
1270   23637  0.143000 
683   562  1.000000 
1076   1861  1.000000 
462   5285  1.000000 
585   564  1.000000 
1005   1825  1.000000 
732   562  1.000000 
723   2201  1.000000 
1265   5953  0.750000 
1265   23626  0.250000 
1110   5953  1.000000 
757   564  1.000000 
1000   1824  1.000000 
199   5285  1.000000 
401   5285  1.000000 
612   11847  1.000000 
672   5841  1.000000 
348   5285  1.000000 
1238   2200  1.000000 
579   562  1.000000 
746   566  0.100000 
746   562  0.800000 
1133   5953  1.000000 
1334   5953  1.000000 
1053   1836  1.000000 
497   563  1.000000 
1012   4947  1.000000 
840   5841  0.500000 
840   564  0.500000 
531   5285  1.000000 
648   5841  0.500000 
648   564  0.500000 
463   5321  0.889000 
463   663  0.111000 
600   11847  1.000000 
834   564  1.000000 
1120   2200  0.200000 
1120   2234  0.800000 
1198   5953  1.000000 
45   5285  1.000000 
478   5321  1.000000 
1364   23637  1.000000 
767   2200  1.000000 
838   5841  1.000000 
1161   5947  0.500000 
1161   2200  0.500000 
814   564  0.333000 
814   5841  0.667000 
809   563  0.167000 
809   564  0.833000 
943   2200  1.000000 
1049   2246  1.000000 
692   2235  1.000000 
1072   1887  1.000000 
442   5321  1.000000 
625   5841  0.333000 
625   564  0.667000 
1062   2200  1.000000 
66   5285  1.000000 
959   2234  1.000000 
949   563  0.200000 
949   5841  0.400000 
949   564  0.400000 
1106   2200  1.000000 
1289   2343  1.000000 
892   562  1.000000 
1115   5281  1.000000 
1380   2234  1.000000 
1306   23626  1.000000 
573   564  1.000000 
1136   2234  0.500000 
1136   2200  0.500000 
1046   2343  1.000000 
1132   5947  1.000000 
1070   1857  0.500000 
1070   1887  0.500000 
1173   2235  1.000000 
1065   1850  1.000000 
558   562  1.000000 
670   5841  1.000000 
1255   5947  1.000000 
286   5285  1.000000 
870   5841  0.333000 
870   564  0.667000 
410   5285  1.000000 
939   5841  0.167000 
939   564  0.833000 
703   5841  1.000000 
893   5841  0.333000 
893   564  0.667000 
1419   5947  1.000000 
968   1019  0.333000 
968   562  0.333000 
968   563  0.333000 
1238   5953  1.000000 
1264   2200  1.000000 
1119   2200  1.000000 
1164   2343  1.000000 
1307   5953  0.833000 
669   564  1.000000 
1377   2296  1.000000 
1106   11874  1.000000 
554   566  0.273000 
554   562  0.636000 
839   564  0.250000 
839   5841  0.500000 
1300   5953  0.875000 
732   562  1.000000 
1229   5953  1.000000 
1059   2200  1.000000 
915   562  1.000000 
559   999  1.000000 
1412   2200  1.000000 
797   5841  0.400000 
797   564  0.600000 
876   564  0.250000 
876   5841  0.750000 
718   564  1.000000 
1165   2200  1.000000 
1340   2200  1.000000 
1005   667  0.750000 
1016   2908  1.000000 
1269   2200  1.000000 
1238   2234  1.000000 
1189   23642  1.000000 
860   2200  1.000000 
829   564  0.667000 
829   5841  0.333000 
369   5285  1.000000 
993   1521  1.000000 
1079   2234  1.000000 
500   563  1.000000 
770   564  1.000000 
1291   5953  1.000000 
82   5285  1.000000 
304   5285  1.000000 
911   564  0.750000 
911   5841  0.250000 
642   5841  1.000000 
1064   5967  1.000000 
1283   5953  0.857000 
1283   23626  0.143000 
809   562  0.250000 
809   5841  0.500000 
809   564  0.250000 
679   11847  1.000000 
1263   2200  0.667000 
1263   2234  0.333000 
506   5285  1.000000 
853   564  0.714000 
853   5841  0.286000 
58   5285  1.000000 
1419   2200  1.000000 
1380   2200  1.000000 
855   2200  1.000000 
993   1843  1.000000 
1147   5947  0.125000 
1147   2200  0.875000 
781   2200  1.000000 
751   564  1.000000 
463   5285  1.000000 
925   562  0.500000 
925   739  0.500000 
1192   23664  1.000000 
534   1006  1.000000 
1093   5953  1.000000 
777   562  1.000000 
1092   5953  1.000000 
10   5321  1.000000 
1384   5282  1.000000 
1408   2200  1.000000 
1029   2343  1.000000 
1180   2300  1.000000 
641   5841  0.500000 
641   563  0.500000 
891   2200  1.000000 
842   564  0.250000 
842   5841  0.750000 
1008   1532  0.200000 
1008   667  0.200000 
1008   1218  0.200000 
1008   585  0.200000 
1008   586  0.200000 
1266   2200  0.750000 
200   5285  1.000000 
468   999  0.125000 
468   1674  0.250000 
468   663  0.625000 
27   5285  1.000000 
1188   23627  1.000000 
639   11847  1.000000 
294   5285  1.000000 
542   5321  1.000000 
1384   2298  1.000000 
1049   2344  1.000000 
352   5285  1.000000 
963   667  1.000000 
947   5841  1.000000 
1009   2200  1.000000 
383   5285  1.000000 
473   999  0.857000 
473   1700  0.143000 
1094   5992  1.000000 
661   564  0.500000 
1418   5947  1.000000 
767   564  1.000000 
646   5285  1.000000 
822   562  1.000000 
157   5285  1.000000 
1102   5953  1.000000 
953   691  1.000000 
610   562  1.000000 
946   564  1.000000 
1198   5950  1.000000 
898   5841  0.333000 
898   564  0.667000 
1227   5953  1.000000 
859   2200  1.000000 
471   5285  1.000000 
923   563  0.200000 
923   5841  0.200000 
923   564  0.600000 
554   566  0.273000 
554   562  0.636000 
1182   23641  1.000000 
1166   5953  1.000000 
1044   1835  1.000000 
1152   5953  1.000000 
1257   5947  1.000000 
1185   2200  0.750000 
1185   5947  0.250000 
552   5285  1.000000 
1083   5985  1.000000 
944   5841  0.250000 
944   564  0.750000 
1018   1841  1.000000 
1367   5953  1.000000 
736   562  1.000000 
587   562  0.750000 
587   566  0.083000 
928   5841  0.571000 
928   564  0.429000 
1058   2042  0.500000 
1058   1843  0.500000 
1065   6289  0.333000 
1065   1852  0.333000 
1065   1889  0.333000 
986   1685  0.500000 
1091   23629  1.000000 
1192   2200  0.500000 
1192   5947  0.500000 
626   562  1.000000 
80   5285  1.000000 
1210   5953  1.000000 
1347   5953  1.000000 
1069   5248  1.000000 
1064   1891  1.000000 
813   5841  0.500000 
813   564  0.500000 
827   5841  0.167000 
827   564  0.667000 
827   563  0.167000 
475   5285  1.000000 
762   2200  1.000000 
617   5841  1.000000 
1195   5953  0.857000 
1195   23637  0.143000 
1218   2200  1.000000 
201   5285  1.000000 
1011   2037  1.000000 
540   5285  1.000000 
890   562  1.000000 
533   5285  1.000000 
870   5841  0.333000 
870   564  0.667000 
843   2200  1.000000 
454   5321  1.000000 
427   5321  1.000000 
1068   1855  0.500000 
577   564  1.000000 
813   5841  0.167000 
813   564  0.833000 
1307   2200  1.000000 
1273   5953  0.857000 
1273   23626  0.143000 
193   5285  1.000000 
1017   1515  1.000000 
1283   2196  1.000000 
1205   5947  1.000000 
1369   2200  1.000000 
1142   5947  1.000000 
1294   2200  1.000000 
342   5285  1.000000 
1130   2234  1.000000 
1427   2200  1.000000 
551   564  1.000000 
799   5841  0.250000 
799   564  0.750000 
439   5321  1.000000 
1042   1833  0.500000 
1042   1832  0.500000 
975   568  0.333000 
975   566  0.333000 
975   739  0.333000 
827   2200  1.000000 
1084   9813  0.500000 
1084   2035  0.500000 
945   667  1.000000 
553   5285  1.000000 
560   564  1.000000 
843   563  0.200000 
843   564  0.800000 
109   5285  1.000000 
715   2288  1.000000 
896   563  0.200000 
896   5841  0.400000 
896   564  0.400000 
567   564  1.000000 
1044   2200  1.000000 
498   5285  1.000000 
618   564  1.000000 
782   5841  1.000000 
1354   5959  1.000000 
246   5285  1.000000 
1113   2343  1.000000 
1133   2200  0.778000 
1133   2234  0.111000 
1133   5947  0.111000 
474   1018  0.222000 
474   999  0.778000 
556   562  0.500000 
556   566  0.500000 
594   2699  0.100000 
594   562  0.900000 
1037   1828  1.000000 
1015   2200  1.000000 
1088   11881  1.000000 
636   566  0.111000 
636   562  0.889000 
1096   2190  1.000000 
1376   2234  0.143000 
1376   2200  0.714000 
1039   1856  1.000000 
1276   5953  0.875000 
1276   23626  0.125000 
947   564  1.000000 
1288   5953  0.500000 
1288   23626  0.500000 
1291   2200  1.000000 
1114   11874  1.000000 
780   562  0.900000 
549   5285  1.000000 
1114   2234  1.000000 
1266   23626  0.500000 
1266   5953  0.500000 
1213   5953  0.889000 
1213   23626  0.111000 
874   563  0.333000 
874   5841  0.333000 
874   564  0.333000 
1244   5953  0.875000 
1244   23626  0.125000 
980   999  1.000000 
474   663  1.000000 
1076   23644  1.000000 
762   563  1.000000 
992   1820  1.000000 
1026   1523  1.000000 
975   999  1.000000 
607   562  1.000000 
1195   5954  1.000000 
992   667  1.000000 
491   5285  1.000000 
1151   2200  0.900000 
1151   2234  0.100000 
912   564  0.667000 
912   5841  0.167000 
480   5321  1.000000 
913   562  0.500000 
913   5841  0.500000 
325   5285  1.000000 
1112   5281  1.000000 
860   564  0.200000 
860   5841  0.600000 
860   563  0.200000 
653   5841  0.667000 
653   564  0.333000 
505   566  0.091000 
505   562  0.909000 
587   562  0.750000 
587   566  0.083000 
666   562  1.000000 
1228   2200  1.000000 
867   5841  0.750000 
867   564  0.250000 
1068   5227  1.000000 
1324   5953  0.833000 
1324   23626  0.167000 
1074   2200  0.667000 
1074   2234  0.333000 
680   11847  1.000000 
702   562  1.000000 
1045   2200  1.000000 
628   5841  1.000000 
940   5841  0.500000 
940   564  0.500000 
1032   1924  0.667000 
1032   1825  0.333000 
667   5841  1.000000 
1366   23627  1.000000 
1252   23626  0.125000 
1252   5953  0.875000 
927   564  0.600000 
927   5841  0.400000 
1089   1860  1.000000 
1343   2200  1.000000 
859   564  1.000000 
819   562  1.000000 
1010   1816  1.000000 
736   5841  0.500000 
736   564  0.500000 
882   5841  1.000000 
941   568  1.000000 
646   5841  0.500000 
646   564  0.500000 
1060   1861  1.000000 
757   2200  1.000000 
629   566  0.100000 
629   562  0.900000 
765   564  1.000000 
1073   2200  1.000000 
1360   5959  1.000000 
278   5285  1.000000 
834   2200  1.000000 
749   562  0.667000 
749   564  0.333000 
1274   2200  1.000000 
1056   2343  1.000000 
1073   1859  1.000000 
1058   2343  1.000000 
1163   2234  0.125000 
1163   2200  0.875000 
1080   2234  0.500000 
1080   2200  0.500000 
95   5285  1.000000 
796   564  1.000000 
1121   2200  0.800000 
634   562  0.900000 
634   2699  0.100000 
1052   1861  0.500000 
1052   1860  0.500000 
1057   2042  0.333000 
1057   1843  0.667000 
615   5841  1.000000 
724   566  0.500000 
724   562  0.500000 
1205   5953  1.000000 
78   5285  1.000000 
913   562  0.500000 
913   5841  0.500000 
346   5285  1.000000 
425   2347  1.000000 
1306   2200  1.000000 
521   563  1.000000 
1171   23637  1.000000 
1002   667  1.000000 
36   5285  1.000000 
44   5285  1.000000 
1405   2200  1.000000 
1100   2190  1.000000 
861   5841  0.200000 
861   564  0.800000 
526   562  0.900000 
594   564  1.000000 
700   23709  1.000000 
1074   1859  1.000000 
996   1820  1.000000 
953   5841  0.333000 
953   564  0.667000 
1110   5279  0.500000 
1110   11849  0.500000 
1379   5994  1.000000 
671   5841  1.000000 
907   564  0.250000 
907   5841  0.750000 
976   569  0.500000 
976   568  0.500000 
1359   2196  1.000000 
1083   1861  0.667000 
1083   2035  0.333000 
618   5841  0.500000 
618   564  0.500000 
1018   1864  1.000000 
1020   1926  1.000000 
813   5841  0.167000 
813   564  0.833000 
910   2200  1.000000 
667   11847  1.000000 
1344   2200  0.750000 
1344   2234  0.250000 
1084   7700  1.000000 
1004   1824  1.000000 
1284   5953  0.500000 
1284   23626  0.500000 
977   667  0.500000 
1029   1844  1.000000 
1182   23649  1.000000 
683   564  1.000000 
1088   11827  0.500000 
1088   947  0.500000 
548   563  1.000000 
1268   23641  1.000000 
1186   23641  1.000000 
964   563  0.500000 
964   564  0.500000 
985   667  1.000000 
837   564  0.600000 
837   5841  0.200000 
611   5841  1.000000 
944   2200  1.000000 
742   2200  1.000000 
22   5285  1.000000 
795   564  0.667000 
795   563  0.333000 
1179   2193  1.000000 
180   5285  1.000000 
657   562  1.000000 
968   667  1.000000 
565   11847  1.000000 
104   5285  1.000000 
1071   2200  1.000000 
985   686  0.333000 
985   690  0.667000 
