1315   5357  1.000000 
855   23876  1.000000 
805   23876  1.000000 
772   6005  1.000000 
1259   5359  1.000000 
1187   15456  1.000000 
827   23876  1.000000 
850   5359  1.000000 
865   15471  1.000000 
449   5359  0.875000 
947   65333  1.000000 
1304   5359  1.000000 
370   5359  1.000000 
827   5359  0.833000 
827   5358  0.167000 
85   5359  0.778000 
1174   5359  0.800000 
891   15471  1.000000 
790   5359  1.000000 
732   5359  1.000000 
744   5359  1.000000 
209   5359  1.000000 
582   6000  1.000000 
872   5359  1.000000 
73   5359  1.000000 
1060   16750  1.000000 
1320   5359  1.000000 
1013   15461  1.000000 
1003   5359  1.000000 
885   23876  1.000000 
1040   15459  1.000000 
911   5359  1.000000 
1117   64098  1.000000 
787   5359  0.833000 
798   15471  1.000000 
200   5359  1.000000 
543   5359  1.000000 
1023   5359  1.000000 
900   23876  1.000000 
630   44890  1.000000 
976   5359  1.000000 
839   65338  1.000000 
1215   5359  1.000000 
1012   5359  1.000000 
1095   44799  1.000000 
956   5359  1.000000 
635   5359  1.000000 
705   64095  1.000000 
1028   64094  1.000000 
840   23876  1.000000 
1014   64094  1.000000 
862   5359  1.000000 
833   23876  1.000000 
784   23840  1.000000 
1180   15456  1.000000 
1263   5359  1.000000 
207   5359  1.000000 
774   6011  1.000000 
780   5359  1.000000 
293   5359  0.875000 
1160   64102  1.000000 
1291   5359  1.000000 
720   44799  1.000000 
939   5359  1.000000 
855   23838  1.000000 
1161   64102  1.000000 
918   23876  1.000000 
647   44890  1.000000 
969   65333  1.000000 
420   5359  1.000000 
1354   5359  1.000000 
951   23876  1.000000 
292   5359  1.000000 
387   5359  1.000000 
157   5359  1.000000 
907   5359  1.000000 
632   5359  1.000000 
1039   5359  1.000000 
1240   15456  1.000000 
912   15471  1.000000 
1251   15456  1.000000 
205   5359  1.000000 
804   23876  1.000000 
570   5359  1.000000 
535   5359  1.000000 
1017   5359  1.000000 
78   5359  1.000000 
1249   15456  1.000000 
1198   15468  1.000000 
1384   5359  1.000000 
1110   15456  1.000000 
937   15471  1.000000 
1082   5359  1.000000 
794   15471  1.000000 
1089   5359  1.000000 
989   23876  1.000000 
640   57038  1.000000 
33   5359  1.000000 
706   5359  1.000000 
1078   6057  1.000000 
1262   5359  1.000000 
1337   5358  1.000000 
800   5359  1.000000 
895   65338  1.000000 
634   5359  1.000000 
1076   15456  1.000000 
942   15471  1.000000 
926   65338  1.000000 
428   5359  1.000000 
1290   5359  1.000000 
871   5359  1.000000 
778   5359  1.000000 
342   5359  0.875000 
800   23876  1.000000 
1298   5359  1.000000 
2   5359  0.889000 
232   5359  1.000000 
1309   5359  1.000000 
1237   5359  1.000000 
946   65333  1.000000 
806   65338  1.000000 
877   23876  1.000000 
930   65338  1.000000 
1042   23833  1.000000 
459   5358  0.125000 
459   5359  0.875000 
88   5359  0.857000 
1004   64094  1.000000 
1023   15461  1.000000 
889   5359  1.000000 
1083   5359  1.000000 
775   6008  1.000000 
800   23838  1.000000 
30   5359  1.000000 
617   20778  1.000000 
1159   23832  1.000000 
173   5359  1.000000 
438   5359  1.000000 
1267   5359  1.000000 
1219   5359  1.000000 
573   5357  1.000000 
896   65340  1.000000 
548   5359  0.875000 
710   5359  1.000000 
245   5359  1.000000 
721   44799  1.000000 
1003   15461  1.000000 
748   65338  1.000000 
960   65333  1.000000 
727   5359  1.000000 
1144   15456  1.000000 
923   23876  1.000000 
735   65332  1.000000 
699   64097  1.000000 
949   65341  1.000000 
955   23836  1.000000 
1074   16750  1.000000 
871   23876  1.000000 
783   23840  1.000000 
1331   5357  1.000000 
606   43047  1.000000 
94   5359  1.000000 
810   23838  1.000000 
957   65333  1.000000 
34   5359  0.875000 
185   5359  0.875000 
1343   5359  1.000000 
758   65338  1.000000 
814   23876  1.000000 
1126   15456  1.000000 
787   23839  1.000000 
1158   5359  0.800000 
309   5359  1.000000 
958   15462  1.000000 
655   64101  1.000000 
1122   64098  1.000000 
1327   5357  1.000000 
929   15471  1.000000 
529   5359  1.000000 
1055   6057  1.000000 
1342   5359  1.000000 
1114   5359  1.000000 
1391   5359  1.000000 
1004   23876  1.000000 
950   23836  1.000000 
410   5359  1.000000 
1363   5359  1.000000 
785   65338  1.000000 
794   65338  1.000000 
756   5359  0.833000 
928   23838  1.000000 
1037   23862  1.000000 
1192   15456  1.000000 
722   44799  1.000000 
1134   5359  1.000000 
716   64094  1.000000 
901   15471  1.000000 
304   5359  1.000000 
1071   15456  1.000000 
1227   15456  1.000000 
1202   5359  1.000000 
1269   5358  1.000000 
1283   5359  1.000000 
1261   23830  1.000000 
625   5359  1.000000 
258   5359  1.000000 
1367   5359  1.000000 
1042   5359  1.000000 
388   5359  0.875000 
231   5359  1.000000 
574   5356  1.000000 
257   5359  0.857000 
201   5359  0.889000 
1282   5359  1.000000 
919   15471  1.000000 
741   65333  1.000000 
1082   6057  1.000000 
1139   15456  1.000000 
1176   5359  0.800000 
898   15471  1.000000 
791   23839  1.000000 
68   5359  1.000000 
301   5359  1.000000 
903   15471  1.000000 
636   44890  1.000000 
964   5359  1.000000 
836   15471  1.000000 
903   5359  1.000000 
1203   5359  1.000000 
1190   15456  1.000000 
356   5359  1.000000 
678   64099  1.000000 
882   5359  1.000000 
894   23838  1.000000 
67   5359  1.000000 
715   5359  1.000000 
1137   64099  1.000000 
1099   5359  1.000000 
1256   5359  1.000000 
510   5359  1.000000 
1335   5358  1.000000 
997   64094  1.000000 
1017   23869  1.000000 
927   65338  1.000000 
1054   16750  1.000000 
1178   15456  1.000000 
1223   5359  1.000000 
761   5359  1.000000 
607   6261  1.000000 
1100   15456  1.000000 
858   65338  1.000000 
1241   5359  1.000000 
394   5359  1.000000 
1032   23864  1.000000 
882   23838  1.000000 
954   23876  1.000000 
1407   5359  1.000000 
810   65338  1.000000 
726   5359  1.000000 
1104   23832  1.000000 
980   65332  1.000000 
1157   5359  1.000000 
634   44890  1.000000 
1010   5359  1.000000 
884   23876  1.000000 
873   15471  1.000000 
1371   5359  1.000000 
626   44890  1.000000 
1026   6057  1.000000 
523   5359  1.000000 
1135   15456  1.000000 
767   6002  1.000000 
768   11938  1.000000 
1206   15457  1.000000 
997   15462  1.000000 
765   23882  1.000000 
1349   5359  1.000000 
1009   64094  1.000000 
427   5359  1.000000 
1013   64094  1.000000 
1057   5361  1.000000 
985   5359  1.000000 
836   65338  1.000000 
860   23838  1.000000 
803   23838  1.000000 
1026   23865  1.000000 
42   5359  1.000000 
802   15471  1.000000 
635   44890  1.000000 
774   5359  1.000000 
377   5359  1.000000 
238   5359  1.000000 
505   5359  1.000000 
224   5359  1.000000 
1250   15456  1.000000 
366   5359  1.000000 
952   23876  1.000000 
1198   5359  1.000000 
1048   6057  1.000000 
1031   5359  1.000000 
854   5359  1.000000 
834   5359  0.833000 
834   15132  0.167000 
229   5359  1.000000 
879   65338  1.000000 
1066   16750  1.000000 
98   5358  0.143000 
98   5359  0.857000 
179   5359  0.889000 
883   15132  0.167000 
883   5359  0.833000 
1136   5359  1.000000 
667   59622  1.000000 
885   5359  1.000000 
125   5359  1.000000 
976   15462  1.000000 
383   5359  1.000000 
838   23876  1.000000 
1307   5359  1.000000 
917   5359  1.000000 
953   23876  1.000000 
1108   64097  1.000000 
1416   5359  1.000000 
810   5359  1.000000 
1201   23841  1.000000 
1332   5359  1.000000 
159   5359  1.000000 
477   5359  1.000000 
804   23838  1.000000 
1170   5359  0.800000 
765   65338  1.000000 
1044   64094  1.000000 
1121   64098  1.000000 
384   5359  0.750000 
911   65338  1.000000 
375   5359  1.000000 
852   5359  1.000000 
916   5359  1.000000 
524   5359  1.000000 
613   32547  1.000000 
1180   5359  1.000000 
1339   5359  1.000000 
954   23836  1.000000 
1368   5359  1.000000 
1108   15456  1.000000 
147   5359  1.000000 
155   5359  1.000000 
777   5359  1.000000 
881   5359  0.833000 
881   15132  0.167000 
845   23876  1.000000 
1356   5359  1.000000 
901   65338  1.000000 
1079   15456  1.000000 
1359   5359  0.875000 
1215   6001  1.000000 
1315   5359  1.000000 
455   5359  0.875000 
870   5359  1.000000 
146   5359  0.889000 
146   5358  0.111000 
1023   23866  1.000000 
996   5358  0.200000 
996   5359  0.800000 
708   5359  1.000000 
1178   5359  1.000000 
791   65338  1.000000 
1243   5359  1.000000 
1155   15456  1.000000 
1112   64092  1.000000 
307   5359  0.833000 
1217   15456  1.000000 
970   65333  1.000000 
734   5359  1.000000 
1019   23869  1.000000 
985   64094  1.000000 
1033   23833  1.000000 
1330   5357  1.000000 
990   23876  1.000000 
788   65338  1.000000 
998   64094  1.000000 
965   5359  1.000000 
622   44890  1.000000 
695   64092  1.000000 
1057   64094  1.000000 
956   23836  1.000000 
1085   5359  1.000000 
1183   5359  0.800000 
944   23838  1.000000 
104   5359  1.000000 
989   5359  1.000000 
354   5359  1.000000 
658   64101  1.000000 
649   61196  1.000000 
943   23838  1.000000 
876   23838  1.000000 
1008   5359  1.000000 
172   5359  1.000000 
884   5359  1.000000 
735   5359  1.000000 
1287   5357  1.000000 
204   5359  1.000000 
1145   15456  1.000000 
677   64099  1.000000 
1228   5359  1.000000 
567   5359  1.000000 
83   5359  0.778000 
1147   59622  1.000000 
999   15461  1.000000 
1377   5359  1.000000 
359   5359  1.000000 
922   65338  1.000000 
1066   23828  1.000000 
784   23866  1.000000 
695   5359  1.000000 
878   5359  1.000000 
1379   5359  1.000000 
713   64094  1.000000 
1327   5359  1.000000 
759   5357  1.000000 
1106   64097  1.000000 
807   65338  1.000000 
448   5359  1.000000 
1332   5357  1.000000 
271   5359  1.000000 
1213   6002  1.000000 
321   5359  1.000000 
1147   5359  0.800000 
1224   5359  1.000000 
495   5359  1.000000 
1126   64098  1.000000 
1094   44799  1.000000 
672   5359  0.875000 
1181   44893  1.000000 
1136   15456  1.000000 
796   65338  1.000000 
909   15471  1.000000 
989   15462  1.000000 
1284   5359  1.000000 
1054   5423  1.000000 
1018   23869  1.000000 
1418   5359  1.000000 
1084   6057  1.000000 
344   5359  1.000000 
622   5359  1.000000 
917   65338  1.000000 
830   5359  1.000000 
931   65338  1.000000 
749   5360  0.125000 
749   5359  0.875000 
1015   15461  1.000000 
1210   5359  1.000000 
149   5359  0.889000 
320   5359  0.875000 
302   5359  0.875000 
827   15471  1.000000 
497   5359  1.000000 
289   5359  1.000000 
702   5359  1.000000 
1003   5355  1.000000 
1183   14668  1.000000 
971   5359  1.000000 
436   5359  0.857000 
992   23876  1.000000 
1055   5361  1.000000 
1167   15456  1.000000 
100   5359  1.000000 
1374   5359  1.000000 
1092   44799  1.000000 
1173   5359  1.000000 
911   15471  1.000000 
604   15463  1.000000 
945   23838  1.000000 
1277   5357  1.000000 
1171   5359  1.000000 
154   5359  1.000000 
1286   5359  0.857000 
1063   15456  1.000000 
538   5359  1.000000 
1225   5359  1.000000 
1068   15456  1.000000 
864   5359  1.000000 
504   5359  1.000000 
509   5359  1.000000 
799   23876  1.000000 
691   64098  1.000000 
72   5358  0.125000 
72   5359  0.875000 
456   5359  1.000000 
833   15471  1.000000 
937   65338  1.000000 
149   5359  0.889000 
585   6003  1.000000 
1016   15461  1.000000 
915   65338  1.000000 
665   5359  1.000000 
1264   5358  1.000000 
685   5359  1.000000 
1122   5359  1.000000 
737   5359  1.000000 
1255   5355  1.000000 
866   65338  1.000000 
828   15471  1.000000 
360   5359  1.000000 
1107   5359  1.000000 
514   5359  1.000000 
652   5359  1.000000 
1033   23863  1.000000 
1059   5359  1.000000 
839   15471  1.000000 
1218   15456  1.000000 
1106   23828  1.000000 
877   15132  0.167000 
877   5359  0.833000 
82   5359  1.000000 
803   5359  0.833000 
430   5359  0.875000 
1035   15460  1.000000 
773   6007  1.000000 
53   5359  0.889000 
53   5358  0.111000 
628   44890  1.000000 
917   15471  1.000000 
202   5359  1.000000 
1039   15459  1.000000 
926   15471  1.000000 
694   5359  0.875000 
841   15471  1.000000 
683   5359  1.000000 
747   5359  1.000000 
789   23877  1.000000 
478   5359  1.000000 
1053   6057  1.000000 
1053   64094  1.000000 
949   23876  1.000000 
975   15462  1.000000 
118   5359  1.000000 
954   65341  1.000000 
1107   15456  1.000000 
1128   5359  1.000000 
1425   5359  1.000000 
848   5359  0.833000 
848   15132  0.167000 
471   5359  1.000000 
779   65332  1.000000 
906   65338  1.000000 
444   5359  0.857000 
1093   44799  1.000000 
799   65338  1.000000 
1161   5359  1.000000 
1093   5359  1.000000 
1069   5359  1.000000 
988   5359  1.000000 
1360   5359  1.000000 
631   44890  1.000000 
1173   44890  1.000000 
600   23835  1.000000 
380   5359  1.000000 
608   6261  1.000000 
1063   64094  1.000000 
877   15471  1.000000 
145   5359  1.000000 
1387   5359  1.000000 
175   5359  1.000000 
1034   64094  1.000000 
1310   5359  1.000000 
791   5359  0.833000 
1009   15461  1.000000 
1272   6005  1.000000 
1124   64098  1.000000 
984   5359  1.000000 
1065   64094  1.000000 
987   64094  1.000000 
687   5359  1.000000 
1262   6005  1.000000 
65   5359  1.000000 
786   5359  1.000000 
1001   15461  1.000000 
770   5359  1.000000 
1275   5357  1.000000 
1172   44890  1.000000 
762   5355  1.000000 
1175   5359  1.000000 
967   65333  1.000000 
1022   23867  1.000000 
968   15462  1.000000 
906   5359  1.000000 
1402   5359  1.000000 
900   5359  1.000000 
962   23876  1.000000 
869   15471  1.000000 
972   65332  1.000000 
798   5359  1.000000 
1189   15456  1.000000 
1020   16750  1.000000 
1070   5359  1.000000 
824   23876  1.000000 
641   57038  1.000000 
1134   64099  1.000000 
72   5358  0.125000 
72   5359  0.875000 
915   23876  1.000000 
851   15132  0.167000 
851   5359  0.833000 
255   5359  1.000000 
1113   15456  1.000000 
396   5359  1.000000 
1144   5359  1.000000 
1241   6071  1.000000 
1002   64094  1.000000 
533   5359  1.000000 
1022   16750  1.000000 
562   5359  0.875000 
682   64099  1.000000 
257   5359  0.857000 
1273   6005  1.000000 
703   64097  1.000000 
1240   5359  1.000000 
217   5359  1.000000 
1124   5359  1.000000 
1118   5359  1.000000 
1070   64094  1.000000 
1218   5354  1.000000 
840   65338  1.000000 
805   5359  0.833000 
771   65338  1.000000 
14   5359  1.000000 
1050   6057  1.000000 
60   5359  1.000000 
235   5359  1.000000 
711   64094  1.000000 
750   65338  1.000000 
736   65332  1.000000 
826   23876  1.000000 
780   65338  1.000000 
489   5359  1.000000 
1006   64094  1.000000 
1193   15456  1.000000 
694   5359  0.875000 
752   5361  1.000000 
1251   5999  1.000000 
777   65338  1.000000 
803   65338  1.000000 
832   15471  1.000000 
57   5359  0.889000 
57   5358  0.111000 
946   23838  1.000000 
313   5359  0.857000 
932   5359  1.000000 
407   5359  1.000000 
905   23876  1.000000 
91   5359  0.889000 
599   15461  1.000000 
868   23876  1.000000 
1149   59622  1.000000 
1137   5359  1.000000 
696   5359  1.000000 
152   5358  0.111000 
152   5359  0.889000 
1346   5359  1.000000 
597   23841  1.000000 
1094   15456  1.000000 
922   5359  1.000000 
1125   15456  1.000000 
1007   23876  1.000000 
813   5359  0.833000 
166   5359  1.000000 
783   65338  1.000000 
1324   5359  1.000000 
865   23876  1.000000 
898   23876  1.000000 
450   5359  1.000000 
750   5361  1.000000 
870   65332  1.000000 
1205   15457  1.000000 
1090   5359  1.000000 
731   5359  1.000000 
1170   44890  1.000000 
1032   23833  1.000000 
1270   5359  1.000000 
779   23839  1.000000 
890   65338  1.000000 
1241   15456  1.000000 
757   5359  1.000000 
895   5359  1.000000 
1104   5359  1.000000 
1312   5357  1.000000 
1072   5359  1.000000 
1299   5359  1.000000 
1322   5357  1.000000 
1206   5359  1.000000 
1353   5359  1.000000 
818   15471  1.000000 
924   5359  1.000000 
317   5359  1.000000 
766   65338  1.000000 
1214   5359  1.000000 
896   23876  1.000000 
820   23876  1.000000 
273   5359  1.000000 
1169   15456  1.000000 
400   5359  1.000000 
1132   64099  1.000000 
1139   61316  1.000000 
1057   23828  1.000000 
742   65333  1.000000 
1229   15456  1.000000 
