801   763  1.000000 
891   766  1.000000 
439   762  0.750000 
439   2059  0.250000 
1160   1188  1.000000 
385   762  1.000000 
107   762  1.000000 
1110   762  0.500000 
1110   1188  0.500000 
57   1188  0.500000 
57   762  0.500000 
896   762  1.000000 
860   5316  1.000000 
748   762  1.000000 
631   763  0.333000 
631   762  0.333000 
549   762  0.750000 
549   1188  0.250000 
763   762  1.000000 
808   763  1.000000 
1303   9661  1.000000 
1300   1188  1.000000 
973   1188  1.000000 
664   5316  1.000000 
1361   9661  1.000000 
1136   762  1.000000 
1197   1188  1.000000 
492   1188  1.000000 
819   762  1.000000 
753   1194  1.000000 
175   762  0.250000 
175   1188  0.750000 
1057   762  1.000000 
654   762  0.500000 
87   1188  1.000000 
324   762  0.833000 
1115   763  1.000000 
1071   1188  1.000000 
1080   773  1.000000 
1021   763  1.000000 
1241   762  1.000000 
269   762  0.833000 
1187   762  1.000000 
836   762  1.000000 
1200   1188  1.000000 
638   763  1.000000 
1406   9656  1.000000 
802   5316  1.000000 
882   1188  0.333000 
882   762  0.667000 
622   763  0.250000 
622   762  0.750000 
445   2067  0.333000 
445   761  0.333000 
445   6020  0.333000 
1105   1188  0.250000 
1105   762  0.750000 
739   763  1.000000 
1378   762  1.000000 
669   763  1.000000 
796   762  1.000000 
1398   9660  1.000000 
1020   4791  1.000000 
1364   1188  1.000000 
451   762  1.000000 
784   762  1.000000 
340   1188  0.667000 
890   762  1.000000 
1289   3690  1.000000 
94   762  1.000000 
1282   3690  1.000000 
1269   9661  1.000000 
1021   4791  1.000000 
907   5316  1.000000 
219   1188  1.000000 
527   762  1.000000 
48   762  1.000000 
4   1188  1.000000 
878   1188  0.250000 
878   762  0.500000 
878   763  0.250000 
922   763  1.000000 
1367   1188  1.000000 
1158   784  1.000000 
1387   762  1.000000 
305   1188  1.000000 
143   1188  1.000000 
304   1188  1.000000 
541   6020  1.000000 
1057   3690  1.000000 
1018   763  1.000000 
1001   762  1.000000 
307   762  0.833000 
688   2067  1.000000 
117   762  1.000000 
1058   762  0.500000 
1347   9661  1.000000 
252   1188  1.000000 
1414   762  1.000000 
1192   763  1.000000 
3   761  1.000000 
447   762  1.000000 
817   1188  1.000000 
1165   3690  1.000000 
211   1188  1.000000 
1004   763  1.000000 
767   763  1.000000 
1214   762  1.000000 
700   763  1.000000 
1108   1188  0.667000 
1108   762  0.333000 
902   1188  1.000000 
585   762  1.000000 
1100   761  1.000000 
702   6020  1.000000 
700   6020  1.000000 
967   762  1.000000 
922   1191  1.000000 
1300   3690  1.000000 
948   763  1.000000 
481   3229  0.250000 
481   5316  0.500000 
481   3233  0.250000 
718   762  1.000000 
732   1188  0.167000 
732   762  0.833000 
112   1188  1.000000 
321   762  0.500000 
321   1188  0.500000 
223   762  1.000000 
1207   1188  1.000000 
652   3233  1.000000 
504   1188  1.000000 
701   6020  1.000000 
465   1188  1.000000 
1280   9661  1.000000 
1124   762  1.000000 
745   763  1.000000 
475   762  1.000000 
671   763  1.000000 
788   762  0.800000 
788   1188  0.200000 
1211   762  1.000000 
867   1188  1.000000 
494   763  1.000000 
808   5316  1.000000 
747   1188  0.500000 
747   762  0.500000 
425   763  1.000000 
1093   762  0.667000 
1093   1188  0.333000 
1246   762  0.800000 
415   762  0.750000 
696   5316  1.000000 
503   3233  1.000000 
1078   762  1.000000 
812   762  1.000000 
1109   762  1.000000 
637   5316  0.500000 
637   3233  0.500000 
734   762  0.750000 
514   763  0.333000 
514   762  0.667000 
1159   1188  1.000000 
1368   9661  1.000000 
1088   762  1.000000 
743   1194  1.000000 
221   762  1.000000 
1286   9661  1.000000 
914   3233  1.000000 
698   24581  1.000000 
74   1188  1.000000 
1322   9661  1.000000 
764   762  1.000000 
945   762  1.000000 
650   762  0.667000 
455   3233  0.667000 
455   5316  0.333000 
496   1188  1.000000 
22   762  1.000000 
223   1188  1.000000 
1061   762  0.500000 
1061   1188  0.500000 
407   762  1.000000 
1392   9661  1.000000 
915   1191  1.000000 
511   763  1.000000 
571   763  1.000000 
450   762  0.667000 
450   763  0.333000 
298   762  0.750000 
778   762  1.000000 
396   1188  1.000000 
1098   762  0.333000 
1098   1188  0.667000 
790   763  1.000000 
769   762  1.000000 
272   1188  1.000000 
984   1188  0.333000 
984   762  0.667000 
730   1194  1.000000 
1365   762  0.800000 
261   1188  1.000000 
832   762  0.750000 
1004   1188  1.000000 
90   762  1.000000 
531   1188  0.333000 
531   762  0.667000 
354   1188  1.000000 
987   4764  1.000000 
1436   762  1.000000 
1309   762  1.000000 
325   762  1.000000 
1371   9661  1.000000 
656   3233  0.250000 
656   5316  0.750000 
1311   762  1.000000 
244   1188  1.000000 
1031   781  1.000000 
817   3233  1.000000 
599   3233  1.000000 
992   763  1.000000 
956   3664  1.000000 
1140   762  1.000000 
898   5316  1.000000 
487   762  0.500000 
487   1188  0.500000 
149   762  1.000000 
765   763  1.000000 
190   762  1.000000 
537   3233  1.000000 
450   762  0.667000 
450   763  0.333000 
533   3233  1.000000 
1297   762  1.000000 
597   5316  1.000000 
1075   3690  1.000000 
1432   3690  1.000000 
471   762  1.000000 
648   762  0.667000 
544   5316  0.500000 
544   3233  0.500000 
268   762  1.000000 
1401   762  1.000000 
682   763  0.500000 
682   1188  0.500000 
316   762  0.333000 
316   1188  0.333000 
908   1188  1.000000 
843   5316  1.000000 
707   1188  0.250000 
707   762  0.750000 
1106   1188  1.000000 
592   1188  1.000000 
994   1188  1.000000 
1305   762  1.000000 
1116   762  0.800000 
1116   1188  0.200000 
1177   1188  0.500000 
899   1191  1.000000 
655   763  1.000000 
479   5316  1.000000 
697   1194  1.000000 
1338   1188  0.250000 
1338   762  0.500000 
1317   1188  1.000000 
814   763  1.000000 
682   6020  1.000000 
515   5316  1.000000 
738   762  1.000000 
844   762  1.000000 
454   762  0.667000 
78   1188  1.000000 
755   1188  0.667000 
979   3687  1.000000 
896   1191  1.000000 
482   1188  1.000000 
746   763  1.000000 
1307   9661  1.000000 
1113   762  1.000000 
907   762  1.000000 
1393   1188  1.000000 
1131   9662  1.000000 
770   762  0.500000 
770   1188  0.500000 
654   763  1.000000 
1301   3690  1.000000 
137   762  0.800000 
137   1188  0.200000 
746   1194  1.000000 
787   762  0.500000 
787   1188  0.500000 
1309   762  1.000000 
486   3229  1.000000 
953   763  1.000000 
1416   762  1.000000 
1154   1188  1.000000 
26   762  1.000000 
418   763  1.000000 
806   763  1.000000 
873   5316  1.000000 
640   763  0.500000 
640   762  0.500000 
796   5316  1.000000 
1330   762  1.000000 
419   762  0.667000 
949   763  1.000000 
1246   1188  1.000000 
952   763  1.000000 
497   762  1.000000 
652   24579  1.000000 
1029   762  1.000000 
741   1188  1.000000 
979   762  1.000000 
1267   3690  1.000000 
869   1188  1.000000 
889   1188  0.667000 
1287   3690  1.000000 
961   3664  1.000000 
1226   1188  1.000000 
963   763  1.000000 
587   1188  1.000000 
1291   762  1.000000 
478   5316  1.000000 
144   1188  1.000000 
1361   1188  1.000000 
1179   1188  0.500000 
434   762  1.000000 
336   762  1.000000 
536   762  1.000000 
1274   762  1.000000 
662   3233  0.333000 
662   5316  0.667000 
368   1188  1.000000 
1021   1188  1.000000 
857   5316  1.000000 
784   2067  1.000000 
674   762  1.000000 
962   762  1.000000 
739   1194  1.000000 
285   1188  1.000000 
110   762  1.000000 
1153   4766  1.000000 
78   762  0.800000 
78   1188  0.200000 
17   1188  1.000000 
340   1188  0.667000 
109   763  0.200000 
109   762  0.800000 
26   1188  1.000000 
1134   1188  1.000000 
498   3233  1.000000 
1157   762  1.000000 
539   2067  1.000000 
964   1188  1.000000 
1415   3690  1.000000 
172   762  1.000000 
121   1188  0.667000 
781   762  0.667000 
781   1188  0.333000 
759   1188  0.500000 
759   763  0.500000 
810   762  0.667000 
373   1188  1.000000 
158   762  1.000000 
891   762  1.000000 
668   5316  1.000000 
1167   1188  1.000000 
1074   762  1.000000 
672   5316  1.000000 
920   1188  1.000000 
927   1199  1.000000 
1311   1188  1.000000 
866   1188  1.000000 
348   1188  1.000000 
561   763  0.250000 
561   1188  0.250000 
561   762  0.500000 
1077   763  0.250000 
1077   762  0.750000 
243   1188  1.000000 
1098   762  0.333000 
1098   1188  0.667000 
1355   1188  1.000000 
1072   762  0.750000 
635   763  1.000000 
603   762  1.000000 
1076   3664  1.000000 
593   5316  0.667000 
593   3233  0.333000 
545   5316  0.750000 
545   6020  0.250000 
1142   772  1.000000 
1093   762  0.500000 
1093   1188  0.500000 
592   5316  1.000000 
1100   1188  0.500000 
1100   762  0.500000 
112   762  1.000000 
1108   763  1.000000 
498   5316  1.000000 
47   1188  1.000000 
612   3233  1.000000 
343   1188  1.000000 
1421   1188  1.000000 
549   6020  1.000000 
471   3233  0.250000 
471   5316  0.750000 
620   5316  1.000000 
473   762  1.000000 
559   5316  1.000000 
699   2067  0.500000 
699   6020  0.500000 
103   762  0.333000 
103   1188  0.667000 
1429   762  1.000000 
933   1188  1.000000 
587   3233  1.000000 
279   762  1.000000 
1101   763  0.200000 
1101   762  0.600000 
1101   1188  0.200000 
757   1188  1.000000 
562   3229  1.000000 
919   2067  1.000000 
465   762  1.000000 
349   762  1.000000 
635   762  0.667000 
1227   3690  1.000000 
1105   1188  1.000000 
1355   762  1.000000 
58   1188  1.000000 
901   5316  1.000000 
488   3233  1.000000 
442   763  1.000000 
859   1188  1.000000 
982   1188  1.000000 
317   762  0.833000 
317   1188  0.167000 
474   1188  1.000000 
694   762  1.000000 
590   5316  0.500000 
590   3233  0.500000 
958   1188  1.000000 
990   1188  0.500000 
1338   9661  1.000000 
912   1188  1.000000 
637   763  1.000000 
365   762  1.000000 
1382   9661  1.000000 
464   5316  0.667000 
464   3233  0.333000 
638   5316  1.000000 
3   762  0.800000 
3   763  0.200000 
103   762  1.000000 
632   24579  1.000000 
563   1188  1.000000 
742   1188  1.000000 
833   1188  1.000000 
859   1188  0.250000 
859   1200  0.250000 
859   762  0.500000 
961   763  0.500000 
961   762  0.500000 
1089   763  1.000000 
449   1188  1.000000 
424   763  0.500000 
424   762  0.500000 
596   3233  0.500000 
596   5316  0.500000 
715   1200  0.333000 
715   762  0.333000 
1424   1188  1.000000 
705   6020  1.000000 
102   762  0.833000 
102   1188  0.167000 
389   1188  1.000000 
826   1188  0.500000 
797   763  1.000000 
1123   762  1.000000 
1289   762  0.500000 
1289   1188  0.500000 
1221   762  0.750000 
1221   763  0.250000 
1145   3665  1.000000 
764   763  1.000000 
1434   1188  1.000000 
873   1188  0.500000 
873   762  0.500000 
640   3233  0.500000 
640   5316  0.500000 
1188   1188  1.000000 
462   3233  0.500000 
462   5316  0.500000 
1065   1188  1.000000 
1281   1188  1.000000 
303   762  0.800000 
576   2058  1.000000 
298   762  0.750000 
1226   3690  1.000000 
633   762  0.500000 
322   1188  1.000000 
1316   9661  1.000000 
420   762  1.000000 
155   1188  1.000000 
931   1188  1.000000 
226   1188  1.000000 
1123   9657  1.000000 
3   762  0.800000 
3   763  0.200000 
865   762  0.333000 
865   1188  0.667000 
723   1194  1.000000 
797   1188  1.000000 
1014   1188  0.500000 
885   1199  0.250000 
885   762  0.750000 
423   763  1.000000 
1262   3690  1.000000 
562   5316  1.000000 
926   763  0.500000 
926   1188  0.500000 
441   762  0.667000 
441   1187  0.333000 
1058   762  0.500000 
611   762  1.000000 
1126   1188  1.000000 
373   762  0.833000 
62   1188  1.000000 
750   1188  1.000000 
989   1188  1.000000 
487   762  0.500000 
487   1188  0.500000 
481   762  1.000000 
660   766  1.000000 
951   3665  1.000000 
1430   3690  1.000000 
1245   762  1.000000 
1385   9661  1.000000 
1089   3690  1.000000 
661   5316  1.000000 
649   765  1.000000 
1007   762  1.000000 
1078   3690  1.000000 
417   762  1.000000 
1273   762  1.000000 
627   762  0.500000 
627   763  0.500000 
944   3664  1.000000 
752   1188  1.000000 
456   5316  1.000000 
548   5316  1.000000 
259   1188  1.000000 
1133   1188  1.000000 
967   3664  1.000000 
1363   1188  1.000000 
1276   3690  1.000000 
490   3233  1.000000 
1431   762  1.000000 
6   2059  1.000000 
897   1188  0.667000 
897   762  0.333000 
1327   763  1.000000 
1104   1188  1.000000 
755   763  1.000000 
1323   1188  1.000000 
1225   3690  1.000000 
1096   762  1.000000 
414   762  1.000000 
728   1194  1.000000 
611   5316  1.000000 
568   3233  0.500000 
568   5316  0.500000 
96   1188  1.000000 
1009   4848  1.000000 
100   762  1.000000 
787   762  1.000000 
213   762  1.000000 
797   5316  1.000000 
1320   1188  1.000000 
621   762  1.000000 
448   2067  1.000000 
918   762  1.000000 
563   5316  1.000000 
504   3233  1.000000 
902   1191  1.000000 
311   762  0.800000 
1087   1188  1.000000 
919   1188  1.000000 
1214   1188  0.667000 
1214   762  0.333000 
505   1188  1.000000 
923   1191  1.000000 
846   5316  1.000000 
1025   762  0.750000 
1025   1188  0.250000 
1104   1188  0.250000 
1104   762  0.750000 
1230   3690  1.000000 
1139   762  1.000000 
472   5316  1.000000 
1026   781  1.000000 
999   762  0.333000 
999   1188  0.667000 
634   5316  1.000000 
962   1188  1.000000 
699   5316  1.000000 
1260   3690  1.000000 
495   5316  1.000000 
860   1188  0.750000 
860   762  0.250000 
614   5316  1.000000 
209   762  1.000000 
614   3233  0.500000 
614   5316  0.500000 
1221   762  0.750000 
1221   763  0.250000 
1111   762  1.000000 
1352   9661  1.000000 
1186   762  0.800000 
1186   763  0.200000 
518   5316  1.000000 
910   1188  0.167000 
910   762  0.833000 
909   1191  1.000000 
661   767  1.000000 
1400   1188  1.000000 
210   1188  1.000000 
1280   3690  1.000000 
916   6020  1.000000 
667   1188  1.000000 
1254   1188  1.000000 
1038   3657  1.000000 
134   1188  1.000000 
1168   1188  1.000000 
605   5316  1.000000 
573   763  1.000000 
1173   3690  1.000000 
1171   1188  1.000000 
1268   763  1.000000 
441   2067  1.000000 
951   762  1.000000 
671   1188  1.000000 
142   762  0.333000 
142   1188  0.667000 
431   763  1.000000 
836   1200  1.000000 
930   1188  1.000000 
534   762  0.500000 
534   1188  0.500000 
514   762  1.000000 
629   763  1.000000 
804   763  1.000000 
191   1188  0.667000 
1114   762  1.000000 
1117   1188  1.000000 
464   762  1.000000 
12   763  0.500000 
12   1188  0.500000 
466   762  1.000000 
382   762  1.000000 
161   762  1.000000 
639   5316  1.000000 
358   1188  1.000000 
1353   762  0.500000 
1353   1188  0.500000 
868   5316  1.000000 
742   762  1.000000 
1398   762  1.000000 
210   762  1.000000 
37   762  1.000000 
1209   762  0.667000 
1209   763  0.333000 
1218   762  1.000000 
685   24581  1.000000 
252   762  1.000000 
567   3233  0.667000 
567   5316  0.333000 
667   762  0.500000 
667   763  0.500000 
1258   762  1.000000 
432   763  1.000000 
898   1191  1.000000 
998   1188  1.000000 
326   762  1.000000 
228   1188  0.667000 
1251   1188  1.000000 
1094   6020  1.000000 
125   762  0.250000 
125   1188  0.750000 
1126   4790  1.000000 
1296   9661  1.000000 
430   763  1.000000 
833   763  0.333000 
833   762  0.667000 
584   5316  1.000000 
263   762  1.000000 
995   1188  1.000000 
1244   762  1.000000 
986   1188  1.000000 
275   762  1.000000 
1090   765  1.000000 
479   5316  1.000000 
921   2059  1.000000 
1188   763  1.000000 
589   1188  1.000000 
1271   9661  1.000000 
122   762  1.000000 
806   1188  1.000000 
696   24581  1.000000 
953   1188  1.000000 
1135   766  1.000000 
944   763  0.333000 
944   1188  0.667000 
109   1188  1.000000 
612   762  0.800000 
612   1188  0.200000 
747   1188  0.500000 
747   762  0.500000 
185   1188  1.000000 
533   762  1.000000 
712   762  1.000000 
249   762  1.000000 
1296   1188  1.000000 
1326   762  1.000000 
492   762  0.500000 
492   763  0.500000 
643   5316  1.000000 
667   762  0.500000 
667   763  0.500000 
783   762  0.500000 
783   1188  0.500000 
981   1188  1.000000 
905   762  1.000000 
265   762  1.000000 
779   762  0.500000 
779   1188  0.500000 
1098   762  0.667000 
1098   763  0.333000 
267   762  0.667000 
970   1188  1.000000 
763   1188  1.000000 
499   3233  1.000000 
844   762  0.333000 
844   1188  0.667000 
608   1188  1.000000 
745   1194  1.000000 
927   762  0.800000 
927   1188  0.200000 
834   762  1.000000 
184   1188  1.000000 
943   3664  1.000000 
393   762  1.000000 
542   1188  1.000000 
442   1188  0.250000 
442   762  0.750000 
1101   1188  1.000000 
1222   1188  1.000000 
597   5316  1.000000 
553   3233  0.500000 
553   5316  0.500000 
315   762  0.833000 
315   1188  0.167000 
817   762  1.000000 
988   4764  1.000000 
850   5316  1.000000 
1187   763  1.000000 
642   763  1.000000 
785   762  1.000000 
960   762  1.000000 
711   761  1.000000 
1272   762  1.000000 
1324   1188  1.000000 
704   6020  1.000000 
576   762  1.000000 
1130   762  0.750000 
313   762  1.000000 
970   763  1.000000 
560   3233  1.000000 
350   1188  1.000000 
409   762  0.750000 
409   763  0.250000 
515   762  1.000000 
582   5316  1.000000 
567   5316  1.000000 
1022   781  1.000000 
932   1188  1.000000 
979   763  1.000000 
634   762  1.000000 
930   1191  1.000000 
1224   762  0.500000 
1224   1188  0.500000 
776   1188  1.000000 
1261   762  1.000000 
619   5316  0.667000 
619   3233  0.333000 
1177   1188  0.500000 
1112   1188  1.000000 
278   762  1.000000 
859   5316  1.000000 
11   762  1.000000 
647   3233  0.500000 
840   1188  1.000000 
924   1188  1.000000 
1119   762  1.000000 
251   1188  1.000000 
1001   1188  1.000000 
645   3233  1.000000 
661   763  1.000000 
524   762  1.000000 
527   3233  1.000000 
906   1191  1.000000 
85   1188  0.667000 
85   762  0.333000 
442   2067  1.000000 
428   1188  0.200000 
428   762  0.800000 
595   3233  1.000000 
434   1188  1.000000 
1064   762  0.500000 
1064   1188  0.500000 
550   762  1.000000 
1091   3690  1.000000 
366   762  1.000000 
419   763  1.000000 
777   1188  1.000000 
589   5316  0.500000 
589   3233  0.500000 
347   762  1.000000 
412   1188  1.000000 
715   762  1.000000 
800   762  1.000000 
775   762  0.500000 
775   1188  0.500000 
315   762  0.833000 
315   1188  0.167000 
603   5316  0.500000 
603   3233  0.500000 
474   5316  1.000000 
306   762  1.000000 
1340   762  0.750000 
735   763  1.000000 
564   763  1.000000 
508   3229  1.000000 
1362   9661  1.000000 
272   762  1.000000 
865   5316  1.000000 
1219   1188  1.000000 
1210   762  0.500000 
1210   763  0.500000 
972   763  1.000000 
730   763  1.000000 
156   762  1.000000 
76   1188  1.000000 
887   765  1.000000 
798   5316  1.000000 
1342   763  1.000000 
324   762  0.833000 
1259   1188  1.000000 
784   763  1.000000 
895   5316  1.000000 
766   768  1.000000 
79   1188  0.750000 
79   762  0.250000 
1358   1188  1.000000 
488   5316  1.000000 
689   1196  1.000000 
1229   1188  0.250000 
1229   762  0.750000 
950   3665  1.000000 
900   1188  1.000000 
673   2067  1.000000 
170   762  1.000000 
1333   1188  0.250000 
1333   762  0.750000 
499   1188  1.000000 
758   1188  0.333000 
758   762  0.667000 
786   3233  1.000000 
667   1190  1.000000 
508   1188  1.000000 
1437   1188  1.000000 
1388   762  1.000000 
921   762  1.000000 
549   3233  0.333000 
549   5316  0.667000 
41   1188  0.667000 
41   762  0.333000 
872   762  0.500000 
872   1188  0.250000 
814   762  1.000000 
879   762  1.000000 
1214   1188  0.667000 
1214   762  0.333000 
1417   3690  1.000000 
720   762  1.000000 
427   763  1.000000 
92   1188  1.000000 
557   6020  1.000000 
921   763  1.000000 
1284   1188  1.000000 
1308   1188  1.000000 
575   763  1.000000 
1319   762  0.833000 
1319   763  0.167000 
628   763  0.500000 
628   762  0.500000 
182   762  1.000000 
980   3660  1.000000 
302   1188  1.000000 
712   1186  1.000000 
599   762  0.500000 
599   1188  0.500000 
1293   762  1.000000 
818   762  0.500000 
818   763  0.500000 
877   5316  1.000000 
540   5316  1.000000 
896   1188  1.000000 
542   6020  1.000000 
572   762  1.000000 
433   1188  1.000000 
863   1188  1.000000 
422   763  0.500000 
422   762  0.500000 
182   1188  1.000000 
935   762  1.000000 
69   1188  1.000000 
459   1188  1.000000 
398   762  1.000000 
801   1188  1.000000 
443   763  1.000000 
599   5316  1.000000 
1144   3666  1.000000 
1242   762  0.800000 
1151   1188  1.000000 
742   763  1.000000 
1010   762  1.000000 
1071   3664  1.000000 
1036   762  1.000000 
722   1194  1.000000 
1194   3690  1.000000 
691   1193  1.000000 
925   768  1.000000 
967   3686  1.000000 
1274   9661  1.000000 
1000   1188  0.500000 
1192   1188  1.000000 
1425   762  1.000000 
1074   3690  1.000000 
710   1194  1.000000 
161   1188  1.000000 
570   1182  1.000000 
32   1188  1.000000 
884   1188  1.000000 
1363   9661  1.000000 
856   1188  1.000000 
709   1194  1.000000 
959   763  1.000000 
558   763  0.250000 
558   762  0.750000 
1219   762  1.000000 
43   762  1.000000 
1141   1188  1.000000 
1370   9661  1.000000 
1224   762  0.500000 
1224   1188  0.500000 
1223   762  1.000000 
359   1188  1.000000 
1145   1188  1.000000 
607   3233  1.000000 
88   1188  1.000000 
925   762  1.000000 
673   762  1.000000 
445   6020  1.000000 
689   3233  0.500000 
689   5316  0.500000 
1005   762  0.500000 
1005   763  0.500000 
418   762  1.000000 
1337   1188  1.000000 
1406   762  1.000000 
179   762  1.000000 
243   762  1.000000 
1039   1188  0.500000 
388   1188  1.000000 
1275   9661  1.000000 
99   762  1.000000 
621   5316  0.500000 
621   3233  0.500000 
694   1194  1.000000 
1059   762  1.000000 
943   1188  0.250000 
943   762  0.750000 
1009   762  1.000000 
899   762  0.333000 
899   1188  0.667000 
1135   1188  1.000000 
543   762  1.000000 
633   3233  0.250000 
633   5316  0.750000 
235   1188  1.000000 
397   1188  0.500000 
1065   762  1.000000 
317   762  0.833000 
317   1188  0.167000 
977   763  1.000000 
1048   4771  1.000000 
108   1188  1.000000 
1046   762  1.000000 
1151   779  1.000000 
1017   4791  1.000000 
1083   1188  1.000000 
1424   3690  1.000000 
456   3233  0.333000 
456   5316  0.667000 
1278   1188  1.000000 
801   762  0.800000 
801   763  0.200000 
954   3664  1.000000 
1101   3690  1.000000 
1277   1188  1.000000 
1155   3657  1.000000 
377   1188  1.000000 
1414   1188  1.000000 
947   762  1.000000 
485   762  1.000000 
192   762  1.000000 
67   1188  1.000000 
554   762  1.000000 
1281   9661  1.000000 
901   1191  1.000000 
1346   1188  1.000000 
485   762  0.500000 
485   763  0.500000 
1207   762  1.000000 
574   762  0.667000 
1146   1188  1.000000 
1434   3690  1.000000 
644   763  1.000000 
1328   762  1.000000 
1288   1188  1.000000 
1176   1188  1.000000 
828   762  1.000000 
657   763  0.500000 
657   762  0.500000 
422   763  1.000000 
12   762  0.800000 
212   1188  1.000000 
885   1199  0.250000 
885   762  0.750000 
605   762  0.800000 
605   1188  0.200000 
782   762  1.000000 
550   762  1.000000 
513   3233  1.000000 
668   762  1.000000 
499   763  1.000000 
914   1188  0.667000 
795   762  1.000000 
610   5316  1.000000 
1324   763  1.000000 
665   1190  1.000000 
1383   762  0.833000 
532   763  0.500000 
532   762  0.500000 
756   6022  0.333000 
756   762  0.667000 
588   5316  1.000000 
508   5316  1.000000 
1060   1188  0.250000 
1060   762  0.750000 
281   762  1.000000 
997   1188  0.333000 
997   762  0.667000 
1256   3690  1.000000 
1341   9661  1.000000 
690   762  1.000000 
176   762  1.000000 
1204   763  1.000000 
472   762  1.000000 
507   762  1.000000 
288   1188  1.000000 
676   1190  1.000000 
1343   762  1.000000 
711   761  1.000000 
630   765  1.000000 
602   1188  1.000000 
95   762  1.000000 
521   762  1.000000 
667   6020  1.000000 
691   5316  1.000000 
1382   1188  0.143000 
1382   762  0.857000 
1032   3658  1.000000 
586   762  0.667000 
586   1188  0.333000 
739   762  0.667000 
739   1188  0.333000 
1079   762  1.000000 
1243   3690  1.000000 
30   762  1.000000 
503   5316  1.000000 
136   762  1.000000 
878   1188  0.250000 
878   762  0.500000 
878   763  0.250000 
445   2067  0.333000 
445   761  0.333000 
445   6020  0.333000 
317   1188  1.000000 
235   762  1.000000 
962   3686  1.000000 
1348   762  1.000000 
980   1188  1.000000 
578   3233  0.250000 
578   5316  0.750000 
86   762  1.000000 
224   1188  1.000000 
367   1188  1.000000 
91   1188  1.000000 
1147   1188  1.000000 
1407   9656  1.000000 
445   1188  0.333000 
445   762  0.667000 
789   1188  1.000000 
1349   1188  1.000000 
1032   762  1.000000 
372   762  0.333000 
372   1188  0.667000 
1072   762  0.750000 
531   5316  1.000000 
628   3233  1.000000 
841   1188  1.000000 
1016   1188  1.000000 
705   762  1.000000 
721   762  1.000000 
230   1188  1.000000 
1259   763  0.200000 
1259   762  0.800000 
1281   762  1.000000 
174   762  1.000000 
1092   1188  0.500000 
745   1188  1.000000 
584   762  0.667000 
1360   9661  1.000000 
699   1194  1.000000 
205   1188  1.000000 
1080   3690  1.000000 
364   1188  0.667000 
1148   762  1.000000 
89   1188  1.000000 
1358   762  1.000000 
353   762  1.000000 
557   3233  1.000000 
798   762  1.000000 
904   1188  1.000000 
430   1188  0.500000 
430   762  0.500000 
448   5316  1.000000 
1240   3690  1.000000 
1095   6020  1.000000 
1158   763  0.500000 
1158   1188  0.500000 
720   762  0.500000 
720   1187  0.500000 
411   1188  1.000000 
916   1191  1.000000 
1057   1188  1.000000 
1353   762  1.000000 
148   1188  0.200000 
148   762  0.800000 
25   1188  0.500000 
167   1188  1.000000 
545   5316  0.750000 
545   6020  0.250000 
1350   9661  1.000000 
1076   1188  1.000000 
167   762  1.000000 
1282   762  0.800000 
1282   1188  0.200000 
594   762  0.667000 
440   763  0.333000 
440   762  0.667000 
963   3686  1.000000 
678   5316  1.000000 
1333   1188  0.500000 
1333   762  0.500000 
258   1188  0.500000 
1391   9661  1.000000 
917   6020  1.000000 
596   763  0.333000 
596   762  0.667000 
875   1188  0.750000 
875   762  0.250000 
69   762  1.000000 
786   762  0.800000 
786   1188  0.200000 
1409   1188  1.000000 
335   1188  1.000000 
1223   3690  1.000000 
653   5316  1.000000 
397   1188  0.500000 
1354   762  0.833000 
1354   1188  0.167000 
904   5316  1.000000 
533   1188  1.000000 
1142   1188  1.000000 
79   762  1.000000 
802   762  1.000000 
677   762  1.000000 
770   763  0.333000 
770   762  0.667000 
1283   3690  1.000000 
1174   1188  0.500000 
810   763  1.000000 
714   762  0.750000 
1126   1188  0.167000 
1126   762  0.667000 
1126   763  0.167000 
987   762  1.000000 
482   3229  1.000000 
595   1188  1.000000 
1098   4786  1.000000 
880   5316  1.000000 
1242   762  0.800000 
528   3233  1.000000 
37   1188  1.000000 
472   1188  1.000000 
985   4739  1.000000 
482   5316  1.000000 
858   762  0.750000 
858   763  0.250000 
1161   1188  1.000000 
1167   763  1.000000 
440   763  0.333000 
440   762  0.667000 
527   762  1.000000 
737   762  1.000000 
695   762  1.000000 
466   5316  0.500000 
466   3233  0.500000 
868   762  1.000000 
1433   762  1.000000 
637   24579  1.000000 
1102   763  1.000000 
29   762  1.000000 
1035   1188  0.250000 
1035   762  0.750000 
1398   1188  1.000000 
1265   3690  1.000000 
873   1188  0.500000 
873   762  0.500000 
914   1188  0.667000 
140   762  1.000000 
1063   3690  1.000000 
1256   762  0.750000 
1256   763  0.250000 
672   762  1.000000 
38   762  1.000000 
467   1188  1.000000 
643   763  1.000000 
762   762  1.000000 
843   762  0.750000 
1173   762  1.000000 
519   762  1.000000 
753   762  0.500000 
753   1188  0.500000 
659   3233  1.000000 
1076   3690  1.000000 
953   3664  1.000000 
457   762  1.000000 
900   1191  1.000000 
1075   1188  1.000000 
48   1188  1.000000 
1102   762  0.500000 
1102   1188  0.500000 
1374   1188  1.000000 
692   3233  1.000000 
835   1200  0.250000 
835   762  0.500000 
826   1188  0.500000 
444   1188  1.000000 
458   1188  1.000000 
529   1188  0.500000 
529   762  0.500000 
552   6020  1.000000 
1344   1188  1.000000 
1292   9661  1.000000 
245   1188  1.000000 
638   24579  1.000000 
1135   763  1.000000 
374   1188  1.000000 
