728   762  0.333000 
728   1188  0.667000 
418   5359  1.000000 
866   1192  0.667000 
866   1194  0.333000 
400   763  0.250000 
400   762  0.750000 
741   1194  1.000000 
1160   1188  1.000000 
714   2059  1.000000 
127   1188  0.667000 
634   1192  0.500000 
634   1194  0.500000 
716   762  0.500000 
716   1188  0.500000 
107   762  1.000000 
44   1188  1.000000 
100   1188  1.000000 
1249   762  1.000000 
405   5359  1.000000 
519   762  0.500000 
519   2059  0.500000 
561   23883  1.000000 
967   1194  0.667000 
967   1192  0.333000 
280   5359  1.000000 
418   1188  1.000000 
1074   5359  1.000000 
877   6020  1.000000 
1255   762  1.000000 
639   1194  1.000000 
765   5359  1.000000 
1221   1188  0.333000 
1221   762  0.667000 
225   762  1.000000 
457   6020  1.000000 
618   1194  0.500000 
618   1192  0.500000 
1344   762  0.667000 
1344   1188  0.333000 
342   762  1.000000 
199   5359  1.000000 
1393   5359  1.000000 
776   1192  0.500000 
776   1194  0.500000 
814   1194  0.500000 
814   1192  0.500000 
660   1192  1.000000 
779   1192  1.000000 
1436   1188  1.000000 
852   1192  0.500000 
852   1194  0.500000 
519   6020  1.000000 
1255   1188  1.000000 
34   1188  1.000000 
253   1188  1.000000 
429   762  1.000000 
576   6020  1.000000 
930   1192  1.000000 
443   6020  1.000000 
1303   762  1.000000 
1011   762  1.000000 
378   762  1.000000 
735   762  0.333000 
735   1188  0.667000 
1361   5359  1.000000 
543   6020  1.000000 
1290   5359  1.000000 
6   1188  1.000000 
1115   762  0.800000 
1115   1188  0.200000 
1390   1188  0.500000 
1047   23883  1.000000 
740   5359  1.000000 
686   23883  1.000000 
816   6020  0.667000 
558   6020  1.000000 
1145   763  0.333000 
1145   762  0.667000 
840   1192  1.000000 
1292   5359  1.000000 
13   1188  1.000000 
307   5359  1.000000 
676   23883  1.000000 
531   3350  1.000000 
1095   5359  1.000000 
1141   5359  1.000000 
102   762  1.000000 
312   762  1.000000 
648   1192  0.333000 
648   1194  0.667000 
749   762  1.000000 
971   23883  1.000000 
1227   1188  0.500000 
29   762  0.800000 
29   1188  0.200000 
119   1188  1.000000 
287   762  1.000000 
450   23883  1.000000 
899   1194  0.500000 
899   1192  0.500000 
1294   1188  1.000000 
862   5422  1.000000 
1341   1188  1.000000 
1065   5359  1.000000 
1245   5359  1.000000 
570   1192  1.000000 
1356   1188  1.000000 
577   1194  1.000000 
345   1188  1.000000 
1101   5359  1.000000 
1430   5359  1.000000 
969   762  1.000000 
1097   5341  1.000000 
1414   762  1.000000 
1192   763  1.000000 
1194   5359  1.000000 
1103   5341  1.000000 
1216   1188  1.000000 
820   1192  0.500000 
820   1194  0.500000 
575   6020  1.000000 
1138   762  1.000000 
1122   5359  1.000000 
872   1192  0.500000 
872   1194  0.500000 
1394   5359  1.000000 
1369   762  1.000000 
1356   762  1.000000 
603   1194  1.000000 
1239   1188  1.000000 
963   6020  1.000000 
483   23883  1.000000 
526   23883  1.000000 
790   1192  1.000000 
1098   5325  1.000000 
867   23883  1.000000 
671   6020  1.000000 
350   762  0.333000 
350   1188  0.667000 
1426   762  1.000000 
216   762  1.000000 
541   1193  0.250000 
541   1194  0.750000 
588   23883  1.000000 
1031   5341  1.000000 
937   6020  1.000000 
1357   1188  1.000000 
692   1194  1.000000 
1061   762  1.000000 
556   1194  0.333000 
556   1192  0.667000 
873   1192  0.500000 
873   1193  0.500000 
552   1192  0.667000 
552   1194  0.333000 
84   762  1.000000 
1423   1188  1.000000 
1084   5325  1.000000 
650   1192  1.000000 
845   6020  1.000000 
1046   5359  1.000000 
674   1194  1.000000 
814   23883  1.000000 
1089   5341  1.000000 
936   6020  1.000000 
568   6020  1.000000 
747   762  1.000000 
919   1194  0.667000 
919   1192  0.333000 
90   5359  1.000000 
396   5359  1.000000 
1156   5359  1.000000 
450   2067  1.000000 
415   762  1.000000 
425   762  0.500000 
425   1188  0.500000 
1005   23883  1.000000 
158   5359  1.000000 
757   1194  1.000000 
403   762  1.000000 
209   1188  1.000000 
41   1188  0.333000 
664   1192  1.000000 
1125   5359  1.000000 
166   762  1.000000 
186   1188  1.000000 
492   6020  0.667000 
588   1194  0.500000 
588   1192  0.500000 
572   6020  1.000000 
710   1192  0.500000 
710   1193  0.500000 
1399   1188  1.000000 
383   1188  1.000000 
813   23883  1.000000 
946   1194  1.000000 
569   1194  1.000000 
721   1192  0.500000 
721   1194  0.500000 
600   1192  1.000000 
929   6020  1.000000 
1082   762  0.667000 
917   1194  1.000000 
104   5359  1.000000 
354   5359  1.000000 
783   1192  1.000000 
873   1192  0.500000 
873   1193  0.500000 
433   762  1.000000 
533   6020  1.000000 
22   762  1.000000 
432   762  0.500000 
432   1188  0.500000 
1147   763  1.000000 
906   1192  0.500000 
906   1194  0.500000 
1433   5359  1.000000 
189   1188  1.000000 
413   5359  1.000000 
165   1188  1.000000 
639   1192  0.500000 
639   1194  0.500000 
1094   5325  1.000000 
851   5422  1.000000 
527   6020  1.000000 
127   5359  1.000000 
830   1192  1.000000 
690   6020  0.667000 
932   1192  1.000000 
344   5359  1.000000 
111   5359  1.000000 
1114   5341  1.000000 
451   2067  1.000000 
560   1194  1.000000 
1096   5341  1.000000 
1419   1188  1.000000 
787   1194  1.000000 
449   2067  1.000000 
910   1192  1.000000 
753   1188  1.000000 
911   1194  1.000000 
1069   762  1.000000 
1054   5359  1.000000 
140   1188  1.000000 
1080   5352  1.000000 
1129   1188  1.000000 
977   765  1.000000 
546   23883  1.000000 
374   5359  1.000000 
239   1188  1.000000 
16   762  1.000000 
146   5359  1.000000 
1036   762  0.500000 
1036   6022  0.500000 
913   6020  1.000000 
1348   5359  1.000000 
1417   762  1.000000 
123   1188  1.000000 
1256   5359  1.000000 
968   1194  0.500000 
968   1192  0.500000 
190   762  1.000000 
1136   2059  1.000000 
1348   762  1.000000 
914   23883  1.000000 
547   1194  0.667000 
547   1192  0.333000 
802   1192  0.500000 
802   1194  0.500000 
1386   1188  1.000000 
544   23883  1.000000 
154   1188  1.000000 
284   1188  1.000000 
951   23883  1.000000 
31   762  1.000000 
1177   1188  1.000000 
1332   762  1.000000 
1015   23883  1.000000 
197   1188  1.000000 
1338   762  1.000000 
718   1188  0.500000 
718   762  0.500000 
1018   6020  1.000000 
413   763  1.000000 
516   6020  1.000000 
799   23883  1.000000 
880   1192  1.000000 
742   5359  1.000000 
1370   5359  1.000000 
941   1192  1.000000 
858   6020  1.000000 
1247   763  1.000000 
350   762  0.750000 
350   1188  0.250000 
193   762  1.000000 
72   1188  1.000000 
998   762  1.000000 
982   23883  1.000000 
1076   5341  1.000000 
1084   5352  1.000000 
519   1186  1.000000 
967   1194  0.667000 
967   1192  0.333000 
645   1192  0.500000 
645   1194  0.500000 
827   1192  1.000000 
563   1194  1.000000 
299   762  1.000000 
26   762  1.000000 
1314   762  1.000000 
1075   5353  1.000000 
295   5359  1.000000 
682   1194  0.333000 
682   1192  0.667000 
664   1194  0.500000 
116   5359  1.000000 
218   762  0.800000 
218   1188  0.200000 
972   1188  1.000000 
1206   1188  0.333000 
1206   763  0.333000 
1206   762  0.333000 
867   6020  1.000000 
34   5359  1.000000 
741   1188  1.000000 
736   1188  1.000000 
815   1192  0.333000 
815   1193  0.333000 
815   1194  0.333000 
387   1188  1.000000 
24   5359  1.000000 
1183   1188  0.333000 
1183   762  0.667000 
1185   1188  1.000000 
659   1192  1.000000 
1046   23883  1.000000 
1304   5359  1.000000 
924   23883  1.000000 
23   5359  1.000000 
758   5359  1.000000 
370   762  1.000000 
237   1188  1.000000 
1188   763  1.000000 
285   5359  1.000000 
978   764  1.000000 
554   1194  1.000000 
342   1188  1.000000 
584   6020  1.000000 
955   1194  0.500000 
955   1192  0.500000 
525   765  0.500000 
431   762  1.000000 
1197   762  1.000000 
736   1192  1.000000 
1118   1188  0.250000 
1118   762  0.750000 
911   6020  1.000000 
766   1194  0.750000 
766   1192  0.250000 
961   23883  1.000000 
363   5359  1.000000 
602   6020  1.000000 
1243   1188  1.000000 
849   23883  1.000000 
475   6020  1.000000 
852   6020  1.000000 
246   1188  1.000000 
1405   1188  1.000000 
292   5359  1.000000 
282   1188  1.000000 
1327   5359  1.000000 
832   1194  1.000000 
781   1188  0.500000 
781   1200  0.500000 
912   23883  1.000000 
163   1188  1.000000 
564   1194  0.667000 
564   1192  0.333000 
815   1192  0.333000 
815   1193  0.333000 
815   1194  0.333000 
835   1194  1.000000 
892   1194  0.500000 
892   1193  0.500000 
172   762  1.000000 
121   1188  1.000000 
837   1194  1.000000 
1111   1186  1.000000 
692   6020  1.000000 
1297   1188  1.000000 
948   6020  1.000000 
859   23883  1.000000 
615   1192  1.000000 
1327   762  1.000000 
617   6020  1.000000 
759   5359  1.000000 
1097   1188  0.250000 
1097   762  0.750000 
748   1194  1.000000 
1076   3227  1.000000 
1277   1188  0.250000 
1277   762  0.750000 
4   763  1.000000 
1365   1188  1.000000 
602   1192  1.000000 
311   1188  0.667000 
311   762  0.333000 
1083   5359  1.000000 
885   1192  1.000000 
1140   6021  1.000000 
917   1192  1.000000 
587   1192  0.500000 
33   763  1.000000 
201   5359  1.000000 
825   23883  0.500000 
645   1192  0.500000 
645   1194  0.500000 
826   1194  1.000000 
14   762  1.000000 
537   1194  0.750000 
537   1192  0.250000 
94   5359  1.000000 
1347   762  1.000000 
143   5359  1.000000 
47   1188  1.000000 
117   1188  1.000000 
816   1194  1.000000 
995   6020  1.000000 
145   1188  1.000000 
1391   5359  1.000000 
648   6020  1.000000 
410   5359  1.000000 
1150   5359  1.000000 
984   1188  1.000000 
556   1194  0.333000 
556   1192  0.667000 
1078   5352  1.000000 
334   5359  1.000000 
873   1192  1.000000 
1262   762  1.000000 
1237   763  1.000000 
1179   5359  1.000000 
1214   763  1.000000 
951   1192  0.500000 
951   1194  0.500000 
424   762  1.000000 
679   6020  1.000000 
906   23883  1.000000 
65   1188  1.000000 
1149   763  0.333000 
1149   762  0.667000 
1049   5341  1.000000 
1229   763  0.500000 
1012   6020  1.000000 
393   762  1.000000 
1081   5359  1.000000 
1343   762  1.000000 
846   1192  1.000000 
592   6020  1.000000 
1360   1188  1.000000 
1109   2067  1.000000 
407   1188  1.000000 
1350   1188  1.000000 
1075   3227  1.000000 
541   23883  1.000000 
550   1192  1.000000 
532   769  1.000000 
144   762  1.000000 
1115   762  0.800000 
1115   1188  0.200000 
1190   762  0.333000 
1190   1188  0.667000 
398   1188  1.000000 
725   762  1.000000 
776   762  1.000000 
1240   762  1.000000 
1060   5341  1.000000 
1319   1188  0.500000 
1319   762  0.500000 
1293   762  1.000000 
1359   762  1.000000 
238   5359  1.000000 
1296   1188  1.000000 
517   6020  0.750000 
517   2067  0.250000 
1399   762  1.000000 
85   762  1.000000 
336   1188  1.000000 
806   6020  1.000000 
383   5359  1.000000 
666   1194  1.000000 
824   23883  1.000000 
519   23883  1.000000 
693   1194  0.500000 
693   1192  0.500000 
488   6020  1.000000 
836   23883  1.000000 
1163   763  0.250000 
1163   762  0.750000 
375   5359  1.000000 
249   1188  1.000000 
995   762  1.000000 
714   1192  1.000000 
452   23883  1.000000 
492   23883  0.500000 
1080   5359  1.000000 
948   1194  1.000000 
1120   1188  1.000000 
1178   1188  1.000000 
151   1188  1.000000 
66   762  1.000000 
845   1192  1.000000 
589   6020  1.000000 
1061   5353  1.000000 
1165   1188  1.000000 
378   1188  1.000000 
1088   5359  1.000000 
421   5359  1.000000 
1129   5359  1.000000 
781   1188  0.500000 
781   1200  0.500000 
1257   762  1.000000 
1231   762  0.500000 
1231   1188  0.500000 
226   1188  1.000000 
274   5359  1.000000 
935   23883  1.000000 
191   5359  1.000000 
711   5563  1.000000 
1218   1188  1.000000 
934   1194  0.500000 
934   1192  0.500000 
949   23883  1.000000 
428   762  1.000000 
704   1192  1.000000 
362   762  1.000000 
28   762  1.000000 
911   1192  1.000000 
1106   5358  1.000000 
1189   762  1.000000 
146   762  1.000000 
656   23883  1.000000 
1204   1188  1.000000 
1163   763  1.000000 
1030   5359  1.000000 
556   23883  1.000000 
1064   3227  1.000000 
1114   5359  1.000000 
1048   6020  1.000000 
1400   762  1.000000 
684   1194  1.000000 
562   1194  0.333000 
562   1192  0.667000 
511   6020  0.857000 
198   1188  1.000000 
815   23883  0.500000 
1040   5341  1.000000 
392   5359  1.000000 
289   5359  1.000000 
923   1194  0.250000 
923   1192  0.750000 
857   1192  1.000000 
417   762  1.000000 
150   762  1.000000 
1057   5341  1.000000 
19   762  1.000000 
1298   5359  1.000000 
752   1188  1.000000 
735   5359  1.000000 
612   1194  1.000000 
26   5359  1.000000 
555   1192  0.500000 
555   1194  0.500000 
551   1194  0.500000 
551   1192  0.500000 
497   6020  1.000000 
1182   763  1.000000 
1091   5341  1.000000 
1081   762  1.000000 
1230   762  0.500000 
1230   1188  0.250000 
1431   762  1.000000 
835   1194  0.500000 
835   1192  0.500000 
915   1192  0.500000 
915   1194  0.500000 
1155   5359  1.000000 
443   6020  1.000000 
1323   1188  1.000000 
675   6020  1.000000 
1276   1188  0.500000 
1276   762  0.500000 
1335   5359  1.000000 
750   5359  1.000000 
1193   762  1.000000 
1350   5359  1.000000 
371   5359  1.000000 
1079   5325  1.000000 
213   762  1.000000 
847   5422  1.000000 
991   762  1.000000 
855   23883  1.000000 
361   762  1.000000 
1205   762  1.000000 
151   762  0.750000 
690   1194  1.000000 
145   5359  1.000000 
147   5359  1.000000 
132   5359  1.000000 
158   1188  1.000000 
523   763  0.500000 
523   762  0.500000 
1064   5341  1.000000 
724   1192  1.000000 
843   6020  1.000000 
771   1194  1.000000 
1082   762  1.000000 
1121   3230  1.000000 
736   1194  1.000000 
313   1188  1.000000 
1063   5341  1.000000 
1059   5352  1.000000 
706   1192  0.667000 
706   1194  0.333000 
1326   5359  1.000000 
681   1192  1.000000 
800   23883  1.000000 
1137   2059  1.000000 
640   1192  0.333000 
640   1194  0.667000 
958   23883  1.000000 
554   6020  1.000000 
556   1194  1.000000 
533   1194  1.000000 
907   23883  1.000000 
1000   762  1.000000 
976   23883  1.000000 
934   1194  0.500000 
934   1192  0.500000 
819   1192  1.000000 
545   23883  1.000000 
984   761  0.500000 
984   1186  0.500000 
790   1194  1.000000 
1071   3227  1.000000 
628   1192  1.000000 
1414   5359  1.000000 
1171   1188  0.667000 
1171   762  0.333000 
455   6020  0.833000 
252   762  0.333000 
252   1188  0.667000 
839   1192  0.500000 
839   1194  0.500000 
955   1194  0.500000 
955   1192  0.500000 
1014   6020  1.000000 
56   1188  1.000000 
876   1192  1.000000 
1400   1188  1.000000 
80   1188  1.000000 
881   1194  1.000000 
1219   5359  1.000000 
609   23883  1.000000 
854   1194  1.000000 
240   1188  1.000000 
607   23883  1.000000 
684   1192  0.667000 
684   1194  0.333000 
583   1194  1.000000 
1250   5359  1.000000 
101   1188  1.000000 
258   1188  0.667000 
258   762  0.333000 
958   6020  1.000000 
1427   5359  1.000000 
1171   1188  0.667000 
1171   762  0.333000 
584   23883  1.000000 
254   5359  1.000000 
1303   1188  0.667000 
16   1188  1.000000 
165   5359  1.000000 
399   5359  1.000000 
665   23883  1.000000 
922   1192  1.000000 
248   762  1.000000 
104   1188  1.000000 
40   762  1.000000 
932   1194  1.000000 
176   1188  1.000000 
577   23883  1.000000 
1048   5359  1.000000 
790   23883  1.000000 
1256   1188  1.000000 
992   5325  1.000000 
841   1194  0.333000 
841   1192  0.667000 
416   762  0.750000 
416   763  0.250000 
658   1192  1.000000 
1000   6020  1.000000 
1117   1188  0.667000 
1117   762  0.333000 
1004   762  1.000000 
177   5359  1.000000 
200   5359  1.000000 
540   6020  1.000000 
161   762  1.000000 
1230   762  0.500000 
1230   1188  0.250000 
1350   762  1.000000 
8   763  1.000000 
401   762  1.000000 
742   762  1.000000 
256   1188  1.000000 
1263   5359  1.000000 
404   1188  1.000000 
1354   1188  1.000000 
323   1188  1.000000 
702   1194  0.500000 
702   1192  0.500000 
414   763  0.333000 
414   1188  0.667000 
420   5359  1.000000 
541   1193  0.250000 
541   1194  0.750000 
749   5359  1.000000 
1230   5359  1.000000 
32   762  1.000000 
1300   762  1.000000 
367   5359  1.000000 
1076   5352  1.000000 
778   1194  1.000000 
439   23890  1.000000 
975   23883  1.000000 
1153   5359  0.500000 
1167   763  0.333000 
1167   762  0.667000 
616   6020  1.000000 
1123   3230  1.000000 
620   1192  1.000000 
319   1188  0.200000 
319   762  0.800000 
195   5359  1.000000 
1164   5359  1.000000 
918   1192  0.500000 
918   1194  0.500000 
681   23883  1.000000 
259   1188  0.200000 
259   762  0.600000 
986   762  0.500000 
986   1188  0.500000 
1334   762  1.000000 
1326   762  0.667000 
1326   1188  0.333000 
1325   762  1.000000 
654   1194  1.000000 
451   6020  1.000000 
208   1188  1.000000 
336   5359  1.000000 
67   762  1.000000 
848   1194  1.000000 
707   23883  1.000000 
613   6020  1.000000 
647   1192  1.000000 
259   1188  0.200000 
259   762  0.600000 
1361   1188  1.000000 
84   5359  1.000000 
862   6020  1.000000 
405   1188  1.000000 
633   23883  1.000000 
1211   763  0.500000 
1211   762  0.500000 
600   23883  1.000000 
1326   762  0.667000 
1326   1188  0.333000 
795   6020  1.000000 
252   762  0.333000 
252   1188  0.667000 
1010   762  0.500000 
1010   1188  0.500000 
648   23883  0.500000 
1095   1188  1.000000 
1318   1188  0.667000 
958   1194  1.000000 
929   23883  1.000000 
723   762  1.000000 
817   1192  0.500000 
817   1194  0.500000 
8   762  1.000000 
1089   5353  1.000000 
1134   5359  1.000000 
173   762  1.000000 
696   1194  0.500000 
696   1192  0.500000 
1203   762  1.000000 
1002   762  1.000000 
1183   763  1.000000 
697   6020  1.000000 
848   6020  1.000000 
977   6020  1.000000 
967   762  1.000000 
662   23883  1.000000 
738   763  1.000000 
107   5359  1.000000 
1206   1188  0.333000 
1206   763  0.333000 
1206   762  0.333000 
1418   1188  1.000000 
420   762  0.500000 
420   1188  0.500000 
1112   1188  0.250000 
1112   762  0.750000 
1209   5359  1.000000 
1201   762  0.667000 
1071   763  0.333000 
1071   762  0.667000 
315   762  0.800000 
315   1188  0.200000 
562   1194  1.000000 
724   5359  1.000000 
761   5359  1.000000 
1281   762  0.750000 
1281   1188  0.250000 
564   23883  1.000000 
1190   763  1.000000 
1156   1188  1.000000 
1409   5359  1.000000 
726   5359  1.000000 
860   1192  1.000000 
763   1194  1.000000 
390   762  1.000000 
428   5359  1.000000 
589   1194  0.333000 
589   1192  0.667000 
1134   1188  0.750000 
1134   762  0.250000 
1324   1188  0.667000 
1225   1188  1.000000 
436   762  0.500000 
436   1200  0.250000 
436   1188  0.250000 
642   1192  0.500000 
642   1194  0.500000 
256   5359  1.000000 
1034   23883  1.000000 
1032   5359  1.000000 
957   6020  1.000000 
1287   762  1.000000 
1073   5341  1.000000 
960   1192  1.000000 
164   1188  1.000000 
860   6020  1.000000 
939   23883  1.000000 
687   23883  1.000000 
1420   762  1.000000 
303   5359  1.000000 
840   6020  0.667000 
1079   5359  1.000000 
1412   762  1.000000 
777   1192  0.333000 
777   1194  0.667000 
808   1192  0.667000 
808   1194  0.333000 
922   1192  1.000000 
539   6020  1.000000 
153   762  1.000000 
1220   1188  0.400000 
1220   762  0.600000 
1242   763  1.000000 
1226   1188  1.000000 
1280   762  0.500000 
1280   1188  0.500000 
171   5359  1.000000 
201   1188  1.000000 
1067   5325  1.000000 
233   762  0.333000 
233   1188  0.667000 
235   1188  1.000000 
1260   763  1.000000 
244   762  1.000000 
789   6020  1.000000 
878   5422  1.000000 
412   5359  1.000000 
552   23883  1.000000 
924   1194  0.333000 
924   1192  0.667000 
617   23883  0.500000 
1103   5325  1.000000 
871   1194  0.500000 
871   1192  0.500000 
1386   762  1.000000 
570   23883  1.000000 
773   1194  1.000000 
366   762  1.000000 
950   764  1.000000 
409   762  0.750000 
409   763  0.250000 
217   762  1.000000 
1080   5341  1.000000 
869   1194  1.000000 
1035   5359  1.000000 
1101   5341  1.000000 
1038   762  1.000000 
1340   762  1.000000 
271   5359  1.000000 
194   1188  1.000000 
139   762  1.000000 
1103   762  1.000000 
927   6020  1.000000 
272   762  1.000000 
999   5341  1.000000 
1194   762  0.500000 
536   1194  1.000000 
661   23883  1.000000 
131   5359  1.000000 
959   6020  1.000000 
76   1188  1.000000 
984   23883  1.000000 
64   1188  1.000000 
1374   1188  0.500000 
683   23883  1.000000 
591   23883  1.000000 
515   2067  1.000000 
698   6020  1.000000 
859   1194  1.000000 
510   23883  0.500000 
1014   23883  1.000000 
338   1188  1.000000 
519   762  0.500000 
519   2059  0.500000 
1059   3227  1.000000 
890   6020  1.000000 
170   762  1.000000 
718   1188  1.000000 
1343   1188  0.500000 
1343   762  0.500000 
1208   762  0.750000 
1206   1188  0.500000 
265   1188  1.000000 
1424   762  1.000000 
953   1194  1.000000 
1026   5359  1.000000 
1385   5359  1.000000 
722   1192  1.000000 
1080   762  0.750000 
1080   6022  0.250000 
575   1194  0.333000 
575   1192  0.667000 
592   1194  1.000000 
1214   1188  0.667000 
1214   762  0.333000 
1077   5341  1.000000 
720   762  1.000000 
680   6020  1.000000 
775   762  0.500000 
775   1188  0.500000 
1116   5359  1.000000 
1072   762  1.000000 
1011   5341  1.000000 
1286   1188  1.000000 
1130   1188  1.000000 
548   1194  1.000000 
319   1188  1.000000 
668   1193  0.333000 
668   1194  0.667000 
818   23883  1.000000 
905   1193  1.000000 
1319   762  1.000000 
1107   5358  1.000000 
286   1188  1.000000 
197   5359  1.000000 
518   761  1.000000 
964   23883  1.000000 
127   1188  0.667000 
1209   1188  1.000000 
901   1192  1.000000 
1226   762  0.750000 
19   1188  1.000000 
339   762  0.750000 
1234   5359  1.000000 
1345   1188  1.000000 
879   1194  0.500000 
879   1192  0.250000 
879   1193  0.250000 
1035   5341  1.000000 
837   23883  0.500000 
837   5563  0.500000 
789   761  1.000000 
1061   5359  1.000000 
53   5359  0.500000 
909   1192  1.000000 
712   1192  1.000000 
916   1194  0.667000 
916   1192  0.333000 
402   762  1.000000 
988   6020  1.000000 
855   1194  0.333000 
855   1192  0.333000 
1151   1188  1.000000 
1318   762  1.000000 
890   5422  1.000000 
1175   763  1.000000 
584   1192  1.000000 
891   5422  1.000000 
746   1188  1.000000 
543   1194  1.000000 
1048   6021  0.500000 
1048   762  0.500000 
779   1192  0.333000 
779   1194  0.667000 
1060   5359  1.000000 
539   1194  1.000000 
1280   762  1.000000 
1159   762  0.750000 
1159   763  0.250000 
160   5359  1.000000 
1216   762  0.500000 
1216   763  0.167000 
1216   1188  0.333000 
439   2059  1.000000 
712   1194  1.000000 
1192   5359  1.000000 
1107   6020  1.000000 
875   1192  0.667000 
875   1194  0.333000 
724   1188  0.333000 
724   762  0.667000 
1078   762  1.000000 
1306   5359  1.000000 
660   1194  1.000000 
545   1194  1.000000 
1211   5359  1.000000 
901   6020  1.000000 
558   1194  1.000000 
1219   762  1.000000 
973   6020  1.000000 
1176   762  1.000000 
1224   762  0.667000 
1224   1188  0.333000 
664   1194  0.500000 
335   762  1.000000 
803   1192  1.000000 
209   5359  1.000000 
646   6020  1.000000 
743   1188  1.000000 
529   6020  1.000000 
204   1188  1.000000 
418   762  0.667000 
418   1188  0.333000 
1052   762  1.000000 
1279   762  0.750000 
1279   1188  0.250000 
955   1194  1.000000 
545   1194  1.000000 
408   1188  1.000000 
1033   23883  1.000000 
429   5359  1.000000 
99   762  0.750000 
667   1194  1.000000 
1114   5359  1.000000 
622   23883  1.000000 
936   1194  1.000000 
1106   5341  1.000000 
713   1192  1.000000 
1135   1188  1.000000 
941   6020  1.000000 
1336   5359  1.000000 
111   762  1.000000 
1065   762  1.000000 
1230   762  0.500000 
1230   1188  0.250000 
1011   23883  1.000000 
656   6020  1.000000 
599   1194  1.000000 
281   1188  1.000000 
770   1194  1.000000 
1063   2059  0.667000 
1063   762  0.333000 
281   5359  1.000000 
1063   762  1.000000 
817   1192  0.500000 
817   1194  0.500000 
1351   5359  1.000000 
390   1188  1.000000 
732   1192  1.000000 
62   762  1.000000 
381   762  1.000000 
246   5359  1.000000 
1435   1188  1.000000 
1200   762  1.000000 
1016   6020  1.000000 
316   1188  1.000000 
1024   23883  1.000000 
331   5359  1.000000 
397   5359  1.000000 
632   1192  1.000000 
1199   763  1.000000 
801   23883  1.000000 
1342   762  1.000000 
691   1192  1.000000 
892   6020  1.000000 
610   1192  1.000000 
340   762  1.000000 
271   1188  1.000000 
1121   5359  1.000000 
489   6020  1.000000 
1176   1188  1.000000 
100   5359  0.500000 
333   762  1.000000 
75   1188  1.000000 
76   762  1.000000 
393   1188  1.000000 
1368   5359  1.000000 
1273   1188  1.000000 
1228   762  1.000000 
1066   5325  1.000000 
761   762  1.000000 
1067   1188  0.500000 
1067   762  0.500000 
147   762  1.000000 
1147   762  1.000000 
1216   763  1.000000 
520   763  1.000000 
543   23883  1.000000 
1113   5341  1.000000 
421   762  0.500000 
421   1188  0.500000 
804   1194  1.000000 
250   5359  1.000000 
676   1192  1.000000 
816   1192  0.500000 
816   1194  0.500000 
51   762  1.000000 
1121   762  0.500000 
1121   1188  0.500000 
1234   762  0.500000 
1234   1188  0.250000 
456   6020  1.000000 
1065   1188  1.000000 
1101   763  1.000000 
994   5341  1.000000 
1141   1188  0.333000 
1141   763  0.333000 
1141   762  0.333000 
891   1194  0.333000 
891   1192  0.667000 
1043   6020  1.000000 
202   1188  1.000000 
1068   5325  1.000000 
1204   763  1.000000 
553   23883  1.000000 
415   763  0.500000 
415   762  0.500000 
465   6020  1.000000 
620   1194  1.000000 
426   5359  1.000000 
284   5359  1.000000 
173   1188  1.000000 
1043   23883  1.000000 
848   1192  1.000000 
523   765  0.500000 
1270   1188  1.000000 
981   1200  1.000000 
95   762  1.000000 
670   23883  1.000000 
690   23883  1.000000 
1028   6020  0.750000 
1238   762  0.500000 
1238   763  0.500000 
494   6020  1.000000 
1330   1188  1.000000 
931   6020  1.000000 
1079   762  1.000000 
432   762  0.800000 
432   2059  0.200000 
709   6020  1.000000 
482   23883  1.000000 
123   5359  1.000000 
597   1192  0.667000 
597   1194  0.333000 
974   767  0.500000 
974   768  0.500000 
578   1194  1.000000 
854   5422  1.000000 
840   6020  0.667000 
101   762  1.000000 
1153   763  1.000000 
568   1192  0.500000 
560   23883  1.000000 
1037   5359  1.000000 
1319   5359  1.000000 
713   2059  1.000000 
856   23883  1.000000 
417   5359  1.000000 
527   766  1.000000 
217   5359  1.000000 
367   1188  1.000000 
110   5359  1.000000 
39   5359  1.000000 
1337   5359  1.000000 
983   763  1.000000 
1307   1188  1.000000 
757   5359  1.000000 
1248   1188  1.000000 
85   5359  1.000000 
106   1188  1.000000 
1333   5359  1.000000 
698   23883  1.000000 
1105   5341  1.000000 
1302   1188  1.000000 
1131   6020  1.000000 
706   6020  1.000000 
721   762  1.000000 
1028   762  0.500000 
1028   1188  0.500000 
625   1194  1.000000 
159   1188  1.000000 
909   6020  1.000000 
441   6020  1.000000 
87   1188  0.200000 
87   762  0.800000 
1238   762  0.500000 
1238   763  0.500000 
1018   23883  1.000000 
1180   1188  1.000000 
565   1194  0.500000 
836   6020  1.000000 
362   1188  1.000000 
575   23883  1.000000 
882   1194  1.000000 
205   1188  1.000000 
1087   5325  1.000000 
552   1192  0.667000 
552   1194  0.333000 
1112   5359  1.000000 
781   1194  0.500000 
781   1192  0.500000 
1086   5325  1.000000 
825   1192  0.333000 
825   1194  0.667000 
1358   762  1.000000 
1262   5359  1.000000 
995   23883  1.000000 
392   762  1.000000 
971   1195  0.500000 
971   1194  0.500000 
770   762  1.000000 
991   3229  1.000000 
205   762  1.000000 
780   23883  1.000000 
331   1188  1.000000 
870   23883  1.000000 
66   1188  1.000000 
914   1192  1.000000 
766   5359  1.000000 
211   762  1.000000 
1328   5359  1.000000 
980   23883  1.000000 
912   1192  1.000000 
175   1188  1.000000 
929   1194  1.000000 
1224   763  1.000000 
785   23883  1.000000 
633   6020  1.000000 
1372   5359  1.000000 
920   1194  1.000000 
780   1192  1.000000 
437   2067  1.000000 
28   5359  1.000000 
1253   762  1.000000 
297   5359  1.000000 
1153   1188  0.750000 
1153   762  0.250000 
678   23883  1.000000 
1171   5359  1.000000 
1280   762  0.500000 
1280   1188  0.500000 
795   1194  0.500000 
795   1192  0.500000 
1110   762  1.000000 
780   5360  1.000000 
433   5359  1.000000 
149   5359  1.000000 
786   23883  1.000000 
1042   6020  1.000000 
1126   762  1.000000 
695   1194  1.000000 
129   762  1.000000 
672   1194  1.000000 
511   23883  1.000000 
441   2067  1.000000 
1318   5359  1.000000 
1196   763  1.000000 
202   5359  1.000000 
973   763  1.000000 
639   6020  1.000000 
848   23883  1.000000 
843   1192  0.333000 
843   1194  0.667000 
1398   5359  1.000000 
916   1194  0.667000 
916   1192  0.333000 
318   762  1.000000 
748   5359  1.000000 
953   1192  1.000000 
179   1188  1.000000 
1149   1188  0.667000 
1149   762  0.333000 
2   1188  1.000000 
1227   5359  1.000000 
371   762  1.000000 
438   762  1.000000 
125   762  1.000000 
776   5360  0.500000 
776   5359  0.500000 
1187   5359  1.000000 
1061   761  0.500000 
1061   1186  0.500000 
840   1192  1.000000 
972   768  1.000000 
22   5359  1.000000 
625   1192  1.000000 
1009   5341  1.000000 
60   1188  1.000000 
646   1194  1.000000 
164   762  1.000000 
1429   5359  1.000000 
1063   3227  1.000000 
866   5422  1.000000 
1068   762  0.500000 
1068   1188  0.500000 
979   1188  1.000000 
1398   1188  1.000000 
1041   23883  1.000000 
434   5360  1.000000 
140   762  1.000000 
183   1188  1.000000 
839   23884  1.000000 
1268   762  1.000000 
1095   5341  1.000000 
1274   1188  1.000000 
538   6020  1.000000 
888   6020  1.000000 
550   23883  1.000000 
319   1188  0.200000 
319   762  0.800000 
898   23888  1.000000 
72   762  1.000000 
376   762  1.000000 
1028   6020  0.750000 
1383   762  1.000000 
754   1188  1.000000 
635   6020  1.000000 
1207   5359  1.000000 
1144   1188  1.000000 
4   5359  1.000000 
1374   1188  0.500000 
81   1188  1.000000 
465   23883  1.000000 
258   762  1.000000 
124   5359  1.000000 
333   5359  1.000000 
503   6020  0.857000 
1070   762  1.000000 
549   23883  1.000000 
125   1188  0.667000 
899   1194  0.500000 
899   1192  0.500000 
560   6020  1.000000 
990   6020  0.800000 
990   3229  0.200000 
682   1194  1.000000 
1174   763  1.000000 
