1422   24622  1.000000 
185   9787  1.000000 
733   9705  1.000000 
437   758  1.000000 
107   762  1.000000 
498   24628  1.000000 
945   9784  1.000000 
783   24628  1.000000 
1187   9787  1.000000 
225   9787  1.000000 
412   9787  1.000000 
614   49932  1.000000 
142   762  1.000000 
586   9787  1.000000 
843   9716  1.000000 
853   6035  1.000000 
573   762  1.000000 
978   9784  1.000000 
1059   9787  1.000000 
1313   9787  1.000000 
805   1503  1.000000 
80   763  1.000000 
1177   9784  0.500000 
1177   9787  0.500000 
470   712  1.000000 
859   16460  1.000000 
945   669  1.000000 
501   9787  1.000000 
1267   24623  1.000000 
149   9787  1.000000 
560   9787  1.000000 
792   24628  1.000000 
534   9787  1.000000 
231   762  1.000000 
1265   9787  1.000000 
1262   24623  1.000000 
686   1123  1.000000 
1215   24623  1.000000 
793   9605  1.000000 
961   12763  1.000000 
817   670  1.000000 
635   24628  1.000000 
640   762  1.000000 
451   762  1.000000 
566   9787  1.000000 
759   9787  1.000000 
1253   24623  1.000000 
102   762  1.000000 
1315   24623  1.000000 
452   9787  1.000000 
386   1188  1.000000 
349   1188  1.000000 
799   24628  1.000000 
1383   9787  0.667000 
670   24628  1.000000 
914   9787  1.000000 
722   758  1.000000 
461   762  1.000000 
784   9716  1.000000 
1101   635  1.000000 
619   24628  1.000000 
1223   9787  1.000000 
827   9605  1.000000 
537   762  1.000000 
1210   9787  0.500000 
1210   14291  0.500000 
685   38310  1.000000 
573   9787  1.000000 
940   670  1.000000 
728   24628  1.000000 
537   24628  1.000000 
603   9787  1.000000 
1058   2319  1.000000 
1076   6035  1.000000 
500   712  1.000000 
1048   6035  1.000000 
613   49932  1.000000 
801   670  1.000000 
1109   635  1.000000 
868   6035  1.000000 
1359   9787  1.000000 
907   9605  1.000000 
850   9605  1.000000 
309   9787  1.000000 
45   762  1.000000 
610   1188  1.000000 
884   9605  1.000000 
865   670  1.000000 
1332   9787  1.000000 
1134   1186  1.000000 
476   24627  1.000000 
1066   2892  1.000000 
1054   2891  1.000000 
1253   9787  1.000000 
768   673  1.000000 
984   9787  1.000000 
753   635  1.000000 
137   9787  1.000000 
698   1037  1.000000 
286   762  1.000000 
887   9787  1.000000 
817   4993  1.000000 
687   1822  1.000000 
805   9605  1.000000 
344   762  1.000000 
541   24628  1.000000 
750   9787  1.000000 
619   762  1.000000 
617   1188  1.000000 
502   9787  1.000000 
799   670  1.000000 
869   15596  1.000000 
646   50100  1.000000 
426   762  1.000000 
621   53222  1.000000 
657   24628  1.000000 
588   53222  1.000000 
1437   24622  1.000000 
771   9712  1.000000 
73   762  1.000000 
732   9787  1.000000 
679   38310  1.000000 
455   762  1.000000 
1224   24623  1.000000 
666   1822  1.000000 
948   716  1.000000 
990   9787  0.500000 
990   762  0.500000 
432   761  1.000000 
997   9784  1.000000 
1144   9787  0.667000 
1144   9784  0.333000 
735   24628  1.000000 
348   9787  1.000000 
433   762  1.000000 
548   762  1.000000 
889   12763  1.000000 
105   9787  1.000000 
465   750  1.000000 
772   9712  1.000000 
784   24628  1.000000 
1018   6035  1.000000 
521   9787  1.000000 
1105   1205  1.000000 
1187   9784  1.000000 
1181   24622  1.000000 
287   1188  1.000000 
352   9787  1.000000 
851   669  1.000000 
881   1076  1.000000 
450   762  1.000000 
1245   24623  1.000000 
951   9605  1.000000 
1   9787  1.000000 
186   9787  1.000000 
680   1188  1.000000 
736   710  1.000000 
101   9787  1.000000 
583   9787  1.000000 
747   732  1.000000 
1010   9615  1.000000 
987   9787  1.000000 
264   9787  0.750000 
817   15596  1.000000 
986   9604  1.000000 
1075   753  1.000000 
696   1523  1.000000 
1200   16496  1.000000 
833   9716  1.000000 
92   9787  1.000000 
719   9787  1.000000 
1091   9787  1.000000 
1237   24623  1.000000 
536   9787  1.000000 
16   762  1.000000 
731   9787  1.000000 
772   9787  1.000000 
1212   1188  0.333000 
1212   9787  0.667000 
891   670  1.000000 
606   24628  1.000000 
47   9787  1.000000 
400   9787  0.500000 
1095   9784  1.000000 
711   12046  1.000000 
524   24628  1.000000 
939   9784  1.000000 
680   9787  1.000000 
471   762  1.000000 
1084   6035  1.000000 
958   6035  1.000000 
799   9716  1.000000 
1170   12046  1.000000 
466   714  1.000000 
689   9787  1.000000 
765   9787  1.000000 
312   1188  1.000000 
1103   2056  1.000000 
648   14291  1.000000 
367   9787  1.000000 
807   9716  1.000000 
1209   24623  1.000000 
576   9787  1.000000 
755   9787  1.000000 
975   9604  1.000000 
1392   9787  1.000000 
864   1076  1.000000 
556   9787  1.000000 
227   762  1.000000 
558   9787  1.000000 
551   38310  1.000000 
977   9733  1.000000 
649   562  1.000000 
577   53222  1.000000 
858   15596  1.000000 
575   762  1.000000 
1374   12046  1.000000 
1051   2892  1.000000 
693   1041  1.000000 
1404   24622  1.000000 
458   755  1.000000 
1074   753  1.000000 
816   670  1.000000 
395   9787  1.000000 
1131   5318  1.000000 
801   24628  1.000000 
529   712  1.000000 
880   9604  1.000000 
1365   9787  1.000000 
1125   12046  1.000000 
1336   24623  1.000000 
801   1810  1.000000 
1438   9787  1.000000 
1414   9784  0.250000 
1414   9787  0.750000 
949   6041  1.000000 
974   6035  1.000000 
918   12763  1.000000 
1260   9787  1.000000 
765   635  1.000000 
1397   12046  1.000000 
445   1897  1.000000 
1064   9787  1.000000 
980   9733  1.000000 
875   6035  1.000000 
320   762  1.000000 
748   9705  1.000000 
760   9787  1.000000 
931   9604  1.000000 
945   12763  1.000000 
642   24628  1.000000 
1086   1793  1.000000 
1335   24623  1.000000 
520   9787  1.000000 
404   9787  1.000000 
798   9716  1.000000 
944   669  1.000000 
1194   9787  0.500000 
1194   9784  0.500000 
1383   9787  0.667000 
487   9787  1.000000 
1111   2892  1.000000 
205   9787  1.000000 
872   670  1.000000 
700   762  1.000000 
1074   2892  1.000000 
1233   9787  1.000000 
1400   12046  1.000000 
58   762  1.000000 
777   669  1.000000 
977   9604  1.000000 
848   6035  1.000000 
1123   12046  1.000000 
866   9605  1.000000 
848   1076  1.000000 
659   1822  1.000000 
1361   9787  1.000000 
1415   9784  1.000000 
427   2155  1.000000 
336   9787  1.000000 
1039   9784  1.000000 
642   9784  1.000000 
482   24628  1.000000 
152   9787  1.000000 
492   712  1.000000 
867   1462  1.000000 
484   762  1.000000 
488   9787  1.000000 
1244   24623  1.000000 
686   9787  1.000000 
427   9787  0.500000 
427   9784  0.500000 
1208   762  0.500000 
1208   14291  0.500000 
551   762  1.000000 
810   729  1.000000 
249   9787  1.000000 
462   2054  1.000000 
12   9787  0.800000 
511   24628  1.000000 
1014   9787  1.000000 
927   670  1.000000 
798   670  1.000000 
332   762  1.000000 
758   635  1.000000 
808   670  1.000000 
950   6041  1.000000 
715   24628  1.000000 
587   762  1.000000 
1268   24623  1.000000 
1254   9787  1.000000 
684   38310  1.000000 
1395   9784  1.000000 
1416   12046  1.000000 
995   46054  1.000000 
1041   9784  1.000000 
644   762  1.000000 
497   24628  1.000000 
345   762  1.000000 
1042   9784  1.000000 
982   9787  1.000000 
1345   9787  1.000000 
295   1188  1.000000 
859   12763  1.000000 
965   12763  1.000000 
1195   9787  1.000000 
949   9605  1.000000 
1031   9787  1.000000 
1421   9787  1.000000 
331   9787  1.000000 
804   9605  1.000000 
842   24628  1.000000 
904   1076  1.000000 
790   24628  1.000000 
461   9787  1.000000 
632   9784  1.000000 
913   12763  1.000000 
1275   24623  1.000000 
1323   9787  1.000000 
1005   9787  1.000000 
42   762  1.000000 
533   762  1.000000 
930   9784  1.000000 
1285   9787  1.000000 
887   9605  1.000000 
1070   755  1.000000 
370   1188  1.000000 
649   762  1.000000 
144   762  1.000000 
1305   9787  1.000000 
431   9787  1.000000 
398   9787  1.000000 
857   16460  1.000000 
792   14237  1.000000 
714   12046  1.000000 
1138   12046  1.000000 
624   762  1.000000 
348   762  1.000000 
841   9605  1.000000 
52   9787  1.000000 
413   714  1.000000 
1377   9787  1.000000 
593   762  1.000000 
719   9705  1.000000 
990   9733  1.000000 
425   2155  1.000000 
748   733  1.000000 
548   38311  1.000000 
1219   24623  1.000000 
623   49932  1.000000 
330   762  1.000000 
706   9787  1.000000 
884   670  1.000000 
480   712  1.000000 
359   9787  1.000000 
130   9787  1.000000 
783   670  1.000000 
436   8996  1.000000 
658   565  1.000000 
104   762  1.000000 
1299   9787  1.000000 
72   762  1.000000 
1432   9787  1.000000 
1038   9784  1.000000 
676   9787  1.000000 
713   12046  1.000000 
599   9787  1.000000 
1126   12046  1.000000 
653   1822  1.000000 
407   1188  1.000000 
1019   6035  1.000000 
742   24622  1.000000 
512   712  1.000000 
43   9787  1.000000 
1417   24622  1.000000 
580   9787  1.000000 
81   762  1.000000 
28   762  1.000000 
689   762  1.000000 
1289   9787  1.000000 
703   24628  1.000000 
737   24628  1.000000 
681   1908  1.000000 
1082   6035  1.000000 
688   1822  1.000000 
381   1188  1.000000 
542   9787  1.000000 
1065   6041  1.000000 
538   712  1.000000 
1003   6035  1.000000 
198   1188  1.000000 
641   24628  1.000000 
731   24628  1.000000 
1272   9787  1.000000 
473   9787  1.000000 
141   762  1.000000 
368   9787  1.000000 
1405   9787  1.000000 
768   9787  1.000000 
682   1822  1.000000 
802   9716  1.000000 
1265   24623  1.000000 
871   1076  1.000000 
1101   9784  1.000000 
785   9716  1.000000 
728   9787  1.000000 
563   24628  1.000000 
587   9787  1.000000 
935   6035  1.000000 
568   762  1.000000 
798   9604  1.000000 
1303   9787  1.000000 
998   9605  1.000000 
778   9716  1.000000 
939   670  1.000000 
1179   9784  1.000000 
851   6035  1.000000 
337   1188  1.000000 
535   24628  1.000000 
864   670  1.000000 
677   38310  1.000000 
939   9605  1.000000 
662   24628  1.000000 
569   9787  1.000000 
946   1810  1.000000 
1007   6035  1.000000 
724   1179  1.000000 
66   9787  1.000000 
1110   635  1.000000 
1053   9784  1.000000 
860   9605  1.000000 
1298   9787  1.000000 
651   562  1.000000 
802   9605  1.000000 
835   6035  1.000000 
1273   9787  1.000000 
1432   24622  1.000000 
707   24622  1.000000 
821   9605  1.000000 
1102   635  1.000000 
566   762  1.000000 
1180   9784  1.000000 
1068   9784  1.000000 
1099   9787  1.000000 
361   1188  1.000000 
816   24628  1.000000 
702   9787  1.000000 
776   636  1.000000 
1281   24623  1.000000 
362   1188  1.000000 
884   15596  1.000000 
958   1179  1.000000 
857   12763  1.000000 
1001   6035  1.000000 
371   9787  1.000000 
824   1537  1.000000 
912   670  1.000000 
439   1179  1.000000 
699   9787  1.000000 
121   9787  1.000000 
82   9787  1.000000 
1028   9787  1.000000 
1193   16496  1.000000 
979   6035  1.000000 
522   712  1.000000 
818   6035  1.000000 
1018   9733  1.000000 
1116   9787  1.000000 
1012   9733  1.000000 
678   1822  1.000000 
782   24628  1.000000 
1053   49923  1.000000 
618   762  1.000000 
912   670  1.000000 
815   6035  1.000000 
1347   24623  1.000000 
299   1188  1.000000 
271   9787  1.000000 
822   670  1.000000 
667   24628  1.000000 
623   24628  1.000000 
992   9733  1.000000 
523   24628  1.000000 
1100   9784  1.000000 
772   672  1.000000 
863   1076  1.000000 
37   762  1.000000 
404   1188  1.000000 
843   9605  1.000000 
650   562  1.000000 
134   762  1.000000 
981   6035  1.000000 
726   24622  1.000000 
663   1822  1.000000 
1033   54067  1.000000 
859   6035  1.000000 
192   1188  1.000000 
918   9787  1.000000 
793   24628  1.000000 
876   670  1.000000 
1408   24622  1.000000 
956   9784  1.000000 
375   9787  1.000000 
573   24627  1.000000 
965   9604  1.000000 
484   9787  1.000000 
610   762  1.000000 
1343   9787  1.000000 
308   9787  0.750000 
540   24628  1.000000 
803   670  1.000000 
425   762  1.000000 
275   762  1.000000 
1209   9784  1.000000 
779   636  1.000000 
1342   24623  1.000000 
1114   2890  1.000000 
122   762  1.000000 
981   9605  1.000000 
1199   9787  1.000000 
627   1188  1.000000 
399   9787  1.000000 
319   9787  1.000000 
662   762  1.000000 
690   1044  1.000000 
929   6035  1.000000 
1097   755  1.000000 
1032   2890  1.000000 
684   9787  1.000000 
1160   12046  1.000000 
1026   2896  1.000000 
832   670  1.000000 
1222   9787  1.000000 
830   6035  1.000000 
253   762  1.000000 
24   762  1.000000 
1061   2892  1.000000 
720   12046  1.000000 
467   23679  1.000000 
1175   9787  0.500000 
1175   9784  0.500000 
1391   9787  1.000000 
831   24628  1.000000 
692   1523  1.000000 
799   713  1.000000 
1115   16496  1.000000 
1045   6065  1.000000 
735   9705  1.000000 
430   2153  1.000000 
27   9787  1.000000 
399   9780  1.000000 
20   9787  1.000000 
825   24628  1.000000 
829   669  1.000000 
892   6041  1.000000 
912   9605  1.000000 
1004   9604  1.000000 
229   9787  1.000000 
456   762  1.000000 
1259   24623  1.000000 
109   9787  1.000000 
1023   9712  1.000000 
850   669  1.000000 
576   762  1.000000 
260   1188  1.000000 
645   762  1.000000 
626   49932  1.000000 
787   9716  1.000000 
1223   24623  1.000000 
416   1188  1.000000 
608   762  1.000000 
471   24628  1.000000 
930   9605  1.000000 
995   9733  1.000000 
159   9787  1.000000 
478   762  1.000000 
634   762  1.000000 
1398   9787  1.000000 
308   762  1.000000 
1227   9787  1.000000 
929   12763  1.000000 
221   9787  1.000000 
278   762  1.000000 
147   9787  1.000000 
695   24628  1.000000 
497   712  1.000000 
943   1500  1.000000 
838   9605  1.000000 
1049   9784  1.000000 
1398   12046  1.000000 
1411   9787  1.000000 
594   9787  1.000000 
177   9787  1.000000 
701   24628  1.000000 
491   24628  1.000000 
147   762  1.000000 
303   762  1.000000 
181   1188  1.000000 
84   9787  1.000000 
442   9787  1.000000 
551   9787  1.000000 
1095   1793  1.000000 
1431   9787  1.000000 
703   1188  1.000000 
749   16496  1.000000 
1182   9787  0.500000 
596   49932  1.000000 
925   1539  1.000000 
976   9715  1.000000 
508   24628  1.000000 
751   24628  1.000000 
977   9787  1.000000 
156   762  1.000000 
144   9787  1.000000 
1352   9787  1.000000 
1324   9787  0.667000 
183   9787  1.000000 
1351   9787  1.000000 
1177   9787  1.000000 
676   1723  1.000000 
1207   9787  1.000000 
641   49930  1.000000 
324   1188  1.000000 
942   12763  1.000000 
808   9716  1.000000 
654   1822  1.000000 
93   9787  1.000000 
745   9705  1.000000 
709   9787  1.000000 
681   1822  1.000000 
694   1112  1.000000 
563   762  1.000000 
586   49932  1.000000 
1096   20503  1.000000 
1171   9784  1.000000 
871   6035  1.000000 
583   762  1.000000 
171   762  1.000000 
1349   24623  1.000000 
845   670  1.000000 
1277   24623  1.000000 
1393   9784  1.000000 
1261   9787  1.000000 
1106   635  1.000000 
536   24628  1.000000 
461   1856  1.000000 
483   762  1.000000 
682   9787  1.000000 
1296   9787  1.000000 
566   1808  1.000000 
779   761  1.000000 
796   9716  1.000000 
890   15596  1.000000 
438   762  1.000000 
1110   9787  1.000000 
466   1885  1.000000 
300   762  1.000000 
1081   1793  1.000000 
1209   9787  1.000000 
898   6041  1.000000 
655   9787  1.000000 
931   12763  1.000000 
656   9787  1.000000 
921   670  1.000000 
775   670  1.000000 
268   9787  1.000000 
971   12763  1.000000 
1050   6035  1.000000 
447   9787  1.000000 
270   762  1.000000 
1040   6035  1.000000 
123   9787  1.000000 
1015   6035  1.000000 
1102   1179  1.000000 
1127   9787  1.000000 
168   9787  1.000000 
672   9787  1.000000 
991   9787  1.000000 
913   9787  1.000000 
385   9787  1.000000 
918   670  1.000000 
441   762  1.000000 
983   9604  1.000000 
106   9787  1.000000 
966   761  1.000000 
440   2055  1.000000 
1022   9787  1.000000 
647   762  1.000000 
885   1076  1.000000 
1191   9784  1.000000 
421   1188  1.000000 
209   1188  1.000000 
244   9787  1.000000 
242   9787  1.000000 
997   9733  1.000000 
1144   12046  1.000000 
902   16460  1.000000 
500   24628  1.000000 
378   9787  1.000000 
543   762  1.000000 
934   6035  1.000000 
1034   6035  1.000000 
1072   753  1.000000 
723   2056  1.000000 
313   1188  1.000000 
673   762  1.000000 
59   9787  1.000000 
204   1188  1.000000 
1030   6035  1.000000 
309   1188  1.000000 
220   1188  1.000000 
408   1188  1.000000 
708   1903  1.000000 
666   762  1.000000 
1379   9787  1.000000 
878   6035  1.000000 
899   1076  1.000000 
880   12763  1.000000 
887   1076  1.000000 
609   49932  1.000000 
294   1188  1.000000 
1419   24622  1.000000 
1328   24623  1.000000 
581   38310  1.000000 
39   762  1.000000 
758   9705  1.000000 
302   762  1.000000 
1131   9787  1.000000 
825   9605  1.000000 
475   1188  1.000000 
307   9787  1.000000 
34   762  1.000000 
390   1188  1.000000 
603   24628  1.000000 
696   24628  1.000000 
682   1050  1.000000 
775   6035  1.000000 
531   712  1.000000 
637   9784  1.000000 
383   1188  1.000000 
742   24628  1.000000 
6   762  1.000000 
1239   9787  1.000000 
1087   9787  1.000000 
458   9787  1.000000 
507   24628  1.000000 
508   762  1.000000 
737   24622  1.000000 
771   672  1.000000 
1073   753  1.000000 
985   9787  1.000000 
1023   9787  1.000000 
663   9787  1.000000 
333   762  1.000000 
1391   9784  1.000000 
650   1523  1.000000 
1072   9787  1.000000 
212   1188  1.000000 
605   762  1.000000 
770   673  1.000000 
899   15596  1.000000 
191   9787  1.000000 
668   762  1.000000 
1032   54067  1.000000 
1182   24622  1.000000 
943   9784  1.000000 
667   1822  1.000000 
764   635  1.000000 
1119   9784  0.500000 
1119   9787  0.500000 
841   669  1.000000 
1054   6035  1.000000 
1202   9784  1.000000 
560   712  1.000000 
452   762  1.000000 
706   1188  1.000000 
1074   9787  1.000000 
607   49932  1.000000 
988   9733  1.000000 
1299   24623  1.000000 
751   24620  1.000000 
601   9787  1.000000 
704   1188  1.000000 
970   6035  1.000000 
8   9787  1.000000 
472   762  1.000000 
589   49932  1.000000 
767   9710  1.000000 
452   1793  1.000000 
498   9787  1.000000 
1000   9605  1.000000 
240   9787  1.000000 
1026   6035  1.000000 
1286   9787  1.000000 
968   2059  1.000000 
1346   24623  1.000000 
1184   9784  1.000000 
864   6035  1.000000 
787   670  1.000000 
245   9787  1.000000 
453   762  1.000000 
933   12763  1.000000 
1333   24623  1.000000 
468   23679  1.000000 
725   9787  1.000000 
1056   49929  1.000000 
432   762  1.000000 
990   9787  0.500000 
990   762  0.500000 
9   9787  1.000000 
963   2057  1.000000 
313   9787  1.000000 
131   9787  1.000000 
421   9787  1.000000 
976   6035  1.000000 
919   9605  1.000000 
86   762  1.000000 
1095   635  1.000000 
224   1188  1.000000 
367   1188  1.000000 
1382   12046  1.000000 
1036   9784  1.000000 
547   712  1.000000 
1153   12046  1.000000 
929   9784  1.000000 
719   12046  1.000000 
938   6035  1.000000 
457   762  1.000000 
630   49932  1.000000 
130   762  1.000000 
1232   24623  1.000000 
933   9784  1.000000 
1168   9787  1.000000 
58   9787  1.000000 
729   753  1.000000 
508   712  1.000000 
205   1188  1.000000 
876   9604  1.000000 
1102   9784  1.000000 
626   762  1.000000 
241   9787  1.000000 
667   762  1.000000 
880   670  1.000000 
1350   9787  1.000000 
627   24628  1.000000 
1030   54067  1.000000 
1090   2891  1.000000 
835   669  1.000000 
409   9787  1.000000 
965   761  1.000000 
878   9787  1.000000 
1294   24623  1.000000 
910   670  1.000000 
1140   9787  0.500000 
1140   9784  0.500000 
26   9787  1.000000 
552   762  1.000000 
93   762  1.000000 
148   762  1.000000 
142   9787  0.800000 
746   9787  1.000000 
1363   9787  1.000000 
1044   9784  1.000000 
167   762  1.000000 
849   669  1.000000 
1424   24622  1.000000 
440   762  1.000000 
752   9705  1.000000 
1120   9787  1.000000 
911   1507  1.000000 
1334   9787  1.000000 
596   762  1.000000 
488   762  1.000000 
596   9787  1.000000 
1438   24622  1.000000 
977   6035  1.000000 
831   1506  1.000000 
245   762  1.000000 
129   762  1.000000 
747   9705  1.000000 
953   12763  1.000000 
677   762  1.000000 
992   9784  1.000000 
726   755  1.000000 
1003   9733  1.000000 
418   9787  1.000000 
871   15596  1.000000 
856   669  1.000000 
509   712  1.000000 
841   9716  1.000000 
822   1538  1.000000 
447   2169  1.000000 
916   9787  1.000000 
892   1076  1.000000 
1148   9787  1.000000 
1135   12046  1.000000 
289   9787  1.000000 
1325   9787  1.000000 
212   9787  1.000000 
1228   24623  1.000000 
254   762  1.000000 
244   762  1.000000 
1067   6041  1.000000 
299   9787  1.000000 
441   47947  1.000000 
1040   9784  1.000000 
774   6035  1.000000 
861   1460  1.000000 
668   1822  1.000000 
1016   9787  1.000000 
773   9787  1.000000 
1180   24622  1.000000 
1248   9787  1.000000 
895   9605  1.000000 
785   670  1.000000 
1080   2892  1.000000 
1305   24623  1.000000 
1221   24623  1.000000 
964   1204  1.000000 
811   670  1.000000 
801   9605  1.000000 
832   1506  1.000000 
277   9787  1.000000 
1020   9715  1.000000 
1109   9787  1.000000 
465   24630  1.000000 
686   762  1.000000 
256   9787  1.000000 
1154   9787  1.000000 
1045   9784  1.000000 
225   762  1.000000 
976   9787  1.000000 
1124   9784  0.500000 
1124   9787  0.500000 
614   562  1.000000 
117   9787  1.000000 
1231   24623  1.000000 
1400   9787  1.000000 
1129   2057  1.000000 
747   24628  1.000000 
709   24628  1.000000 
704   1903  1.000000 
638   762  1.000000 
1042   2892  1.000000 
775   9715  1.000000 
