836   762  0.333000 
836   763  0.667000 
1086   6025  1.000000 
572   1188  1.000000 
1415   762  1.000000 
422   6025  1.000000 
1160   1188  0.500000 
894   6023  1.000000 
1021   6025  1.000000 
535   3687  0.500000 
535   4747  0.500000 
291   6025  1.000000 
602   3687  1.000000 
928   1188  1.000000 
934   762  1.000000 
728   3687  1.000000 
721   3687  1.000000 
1043   6025  1.000000 
690   1188  0.667000 
1140   6031  1.000000 
1302   24632  1.000000 
1385   6022  1.000000 
1017   1188  0.250000 
1017   762  0.750000 
841   6025  1.000000 
982   6025  1.000000 
1104   1188  1.000000 
1383   6025  1.000000 
1093   3350  1.000000 
919   762  0.500000 
919   763  0.500000 
1068   762  1.000000 
138   6029  1.000000 
184   762  0.500000 
638   762  0.250000 
638   1188  0.750000 
1141   763  1.000000 
1053   6025  1.000000 
1155   763  1.000000 
634   6025  1.000000 
791   1188  1.000000 
547   762  1.000000 
662   3687  0.500000 
662   4747  0.500000 
783   3687  1.000000 
310   6025  1.000000 
61   1188  1.000000 
1033   773  1.000000 
524   1188  1.000000 
514   3687  1.000000 
1092   762  1.000000 
859   3687  1.000000 
1051   762  1.000000 
740   6025  1.000000 
1041   6025  1.000000 
984   3687  1.000000 
1139   1188  0.333000 
1139   762  0.667000 
752   3687  0.500000 
1071   1188  1.000000 
976   763  0.500000 
976   762  0.500000 
692   1188  1.000000 
233   763  0.333000 
233   762  0.667000 
676   3687  0.500000 
676   4747  0.500000 
253   1188  1.000000 
1268   762  0.333000 
1268   1188  0.333000 
438   762  1.000000 
925   2067  1.000000 
1200   1188  1.000000 
1070   763  1.000000 
1126   6026  1.000000 
776   6030  1.000000 
975   6025  1.000000 
1096   3350  1.000000 
578   762  1.000000 
1312   6025  1.000000 
659   3687  1.000000 
604   3687  1.000000 
918   6025  1.000000 
1100   762  1.000000 
1274   762  1.000000 
1153   6022  0.333000 
1153   762  0.667000 
545   762  0.667000 
545   1188  0.333000 
851   6025  1.000000 
561   763  1.000000 
945   4747  0.500000 
723   3687  1.000000 
1139   1188  0.333000 
1139   762  0.667000 
1168   6025  1.000000 
1130   762  1.000000 
784   762  0.500000 
784   763  0.500000 
1339   24632  1.000000 
593   1188  0.750000 
593   763  0.250000 
890   762  1.000000 
937   762  0.667000 
937   1188  0.333000 
655   3687  1.000000 
94   762  1.000000 
1350   1188  1.000000 
101   6029  1.000000 
1188   762  1.000000 
487   6025  1.000000 
754   3687  1.000000 
527   762  1.000000 
673   6025  1.000000 
2   6025  1.000000 
1224   762  0.500000 
1224   1188  0.500000 
1155   762  1.000000 
578   3687  1.000000 
663   1188  0.750000 
1077   1188  1.000000 
1089   3350  1.000000 
103   6025  1.000000 
241   6025  1.000000 
873   762  1.000000 
887   6025  1.000000 
223   762  0.667000 
223   763  0.333000 
542   3687  1.000000 
1135   6022  1.000000 
1196   762  1.000000 
832   6025  1.000000 
225   6025  1.000000 
786   4747  1.000000 
537   762  1.000000 
1018   763  1.000000 
912   4747  1.000000 
1207   6025  1.000000 
1272   1188  1.000000 
1026   3687  1.000000 
947   762  0.667000 
947   1188  0.333000 
88   762  1.000000 
825   762  0.333000 
825   1188  0.667000 
147   6025  1.000000 
1244   1188  1.000000 
1022   3660  1.000000 
286   762  1.000000 
496   3687  1.000000 
491   3687  0.500000 
491   4747  0.500000 
623   1188  1.000000 
775   1188  1.000000 
694   3687  1.000000 
1232   5341  1.000000 
426   763  0.333000 
426   762  0.333000 
962   4747  1.000000 
1214   762  1.000000 
546   6025  1.000000 
1006   6025  1.000000 
1369   762  1.000000 
902   1188  0.500000 
902   6022  0.500000 
1172   6025  1.000000 
898   6023  1.000000 
870   6025  1.000000 
610   1188  1.000000 
936   1188  1.000000 
867   3687  1.000000 
341   762  0.667000 
1129   763  1.000000 
202   1188  0.333000 
202   762  0.667000 
1262   763  1.000000 
1059   763  1.000000 
1003   6025  1.000000 
992   6025  1.000000 
81   762  1.000000 
1021   762  0.667000 
1021   1188  0.333000 
1003   3687  1.000000 
1121   4780  1.000000 
1162   4780  1.000000 
18   6025  1.000000 
1164   4780  1.000000 
857   3687  1.000000 
515   4747  0.500000 
515   3687  0.500000 
676   762  1.000000 
1124   762  1.000000 
77   762  0.500000 
77   763  0.500000 
1264   6025  1.000000 
1152   6025  1.000000 
1406   3224  1.000000 
388   762  1.000000 
160   6025  1.000000 
1089   5341  1.000000 
1199   1188  1.000000 
759   1188  1.000000 
146   6029  1.000000 
133   6025  1.000000 
617   1188  0.750000 
1342   6025  1.000000 
410   762  0.667000 
410   763  0.333000 
1020   763  0.500000 
1020   762  0.500000 
877   763  0.500000 
877   762  0.500000 
415   762  1.000000 
1038   6025  1.000000 
474   6023  1.000000 
807   6030  1.000000 
1259   6025  1.000000 
629   762  1.000000 
659   763  0.250000 
659   762  0.750000 
871   762  0.667000 
1013   3661  1.000000 
888   6025  1.000000 
984   1188  0.250000 
984   762  0.500000 
984   763  0.250000 
1109   762  1.000000 
1170   5325  1.000000 
825   762  0.333000 
825   1188  0.667000 
1197   5316  1.000000 
1343   24632  1.000000 
1342   762  1.000000 
1188   5325  1.000000 
729   3687  0.500000 
729   4747  0.500000 
1222   5316  1.000000 
207   762  1.000000 
1126   763  1.000000 
1341   1188  0.167000 
1341   762  0.667000 
550   762  1.000000 
801   6030  1.000000 
1129   6022  1.000000 
764   762  0.500000 
764   1188  0.500000 
1181   24583  1.000000 
1091   1188  1.000000 
234   6025  1.000000 
658   6025  1.000000 
1209   6023  1.000000 
433   1188  0.500000 
433   762  0.500000 
67   6025  1.000000 
22   762  1.000000 
192   6025  1.000000 
569   6025  1.000000 
523   6025  1.000000 
45   6025  0.500000 
45   6029  0.500000 
759   6030  1.000000 
884   762  0.500000 
771   4747  0.500000 
771   3687  0.500000 
1075   6028  0.200000 
1075   6025  0.800000 
488   6025  1.000000 
870   762  0.500000 
870   763  0.500000 
792   3687  1.000000 
33   1188  1.000000 
664   762  1.000000 
877   763  0.500000 
877   762  0.500000 
1143   762  0.500000 
1143   1188  0.500000 
63   762  1.000000 
242   6025  1.000000 
607   3687  1.000000 
984   6025  1.000000 
646   1188  1.000000 
775   4747  1.000000 
1146   5325  1.000000 
782   6029  1.000000 
1234   1188  1.000000 
563   10403  1.000000 
1114   5341  1.000000 
1301   762  1.000000 
1110   6028  1.000000 
671   762  1.000000 
559   762  0.667000 
559   1188  0.333000 
466   6025  0.500000 
466   6024  0.500000 
302   6025  1.000000 
1365   763  1.000000 
17   6025  1.000000 
878   1188  1.000000 
818   762  0.200000 
818   1188  0.800000 
879   6025  0.857000 
879   6024  0.143000 
714   1188  0.750000 
714   762  0.250000 
254   6025  1.000000 
1075   1188  1.000000 
1069   762  1.000000 
140   1188  1.000000 
1183   6025  1.000000 
360   762  1.000000 
1319   24632  1.000000 
901   6023  1.000000 
538   762  1.000000 
656   1188  0.500000 
656   763  0.250000 
1119   1188  1.000000 
1201   3233  0.500000 
1201   5316  0.500000 
1397   762  1.000000 
1000   4866  1.000000 
1140   762  1.000000 
1296   6025  1.000000 
1314   1188  0.250000 
1314   762  0.750000 
1089   6025  1.000000 
952   762  1.000000 
1154   6022  1.000000 
1106   6028  1.000000 
1019   763  1.000000 
1160   763  1.000000 
1105   762  1.000000 
699   1188  0.750000 
699   762  0.250000 
721   1188  0.750000 
721   762  0.250000 
806   762  1.000000 
554   1188  0.500000 
554   762  0.500000 
1327   1188  0.250000 
1327   762  0.750000 
1145   762  0.500000 
1145   1188  0.500000 
896   4747  1.000000 
1344   24632  1.000000 
1113   6025  0.667000 
1113   6028  0.333000 
426   763  0.333000 
426   762  0.333000 
589   3687  1.000000 
50   1188  0.500000 
50   762  0.500000 
1401   762  1.000000 
89   6025  1.000000 
314   1188  1.000000 
888   1188  0.333000 
888   762  0.667000 
1234   6025  1.000000 
287   1188  1.000000 
1106   1188  1.000000 
861   762  0.333000 
861   1188  0.667000 
899   1188  1.000000 
1217   24583  1.000000 
1369   1188  0.667000 
578   4747  1.000000 
753   6025  1.000000 
1336   1188  1.000000 
587   6025  1.000000 
768   762  1.000000 
712   6025  1.000000 
1141   762  1.000000 
1142   762  1.000000 
996   3661  1.000000 
1380   763  1.000000 
1044   6025  1.000000 
462   762  1.000000 
227   762  1.000000 
1111   6028  1.000000 
755   6030  1.000000 
619   1188  1.000000 
917   762  0.667000 
917   763  0.333000 
78   1188  1.000000 
1382   1188  1.000000 
1264   763  1.000000 
999   3687  1.000000 
918   763  1.000000 
926   762  1.000000 
73   762  0.667000 
1160   2067  1.000000 
72   1188  1.000000 
1202   3233  0.500000 
1202   5316  0.500000 
1266   763  1.000000 
1278   763  1.000000 
568   12052  1.000000 
1166   6022  1.000000 
874   6028  0.125000 
874   6025  0.875000 
1253   1188  1.000000 
130   6025  1.000000 
711   762  1.000000 
702   762  1.000000 
1200   763  1.000000 
1184   762  1.000000 
1026   1188  1.000000 
862   6025  1.000000 
988   762  1.000000 
961   4747  1.000000 
835   1188  1.000000 
299   762  1.000000 
889   762  0.500000 
889   1188  0.500000 
572   4747  1.000000 
883   6025  1.000000 
1037   763  0.250000 
1037   1188  0.500000 
1197   24632  1.000000 
748   1188  1.000000 
1249   6025  1.000000 
415   6025  1.000000 
483   762  1.000000 
840   3687  1.000000 
553   6022  1.000000 
1225   762  1.000000 
598   3687  1.000000 
764   3687  0.500000 
764   4747  0.500000 
978   6025  1.000000 
59   6025  0.667000 
59   6029  0.333000 
1071   6025  1.000000 
497   762  1.000000 
742   3687  1.000000 
696   762  0.750000 
696   1188  0.250000 
1131   1188  1.000000 
209   762  0.667000 
209   1188  0.333000 
1245   763  0.667000 
1245   1188  0.333000 
435   763  0.500000 
435   762  0.500000 
747   762  1.000000 
1248   1188  0.667000 
916   3687  1.000000 
273   762  1.000000 
522   762  1.000000 
548   6025  1.000000 
164   6025  1.000000 
919   6025  1.000000 
1   762  1.000000 
1394   6022  1.000000 
430   762  1.000000 
835   762  1.000000 
1225   5341  1.000000 
1188   763  1.000000 
500   3687  1.000000 
46   6029  1.000000 
1361   1188  1.000000 
1121   6022  1.000000 
1390   24632  1.000000 
1245   24632  1.000000 
433   1188  0.500000 
433   762  0.500000 
1117   3222  1.000000 
1153   5325  1.000000 
1216   1188  0.500000 
1348   1188  1.000000 
498   6025  1.000000 
1022   763  1.000000 
684   6029  1.000000 
1316   1188  0.500000 
1316   762  0.500000 
679   3687  1.000000 
990   6022  1.000000 
578   6025  1.000000 
1338   762  1.000000 
1179   763  1.000000 
1409   6025  1.000000 
1047   764  1.000000 
802   1188  1.000000 
1196   24632  1.000000 
1047   1188  1.000000 
1140   1188  1.000000 
1205   24632  1.000000 
65   762  1.000000 
1251   24632  1.000000 
1230   763  1.000000 
1139   5325  1.000000 
1150   4780  1.000000 
1094   6028  1.000000 
702   3687  1.000000 
1090   6028  1.000000 
612   6025  1.000000 
1353   762  0.857000 
1353   763  0.143000 
593   6025  1.000000 
436   763  1.000000 
172   762  0.667000 
950   1188  1.000000 
1349   24632  1.000000 
1203   3233  1.000000 
99   6029  0.333000 
99   6025  0.667000 
672   1188  0.750000 
672   762  0.250000 
484   762  1.000000 
713   6025  1.000000 
521   3687  0.500000 
521   4747  0.500000 
281   6025  1.000000 
177   762  1.000000 
761   763  1.000000 
20   1188  1.000000 
1012   4747  1.000000 
1180   5325  1.000000 
1111   1188  0.500000 
1111   6022  0.500000 
1370   24632  1.000000 
1163   6025  1.000000 
162   762  1.000000 
25   6025  0.333000 
25   6029  0.333000 
207   6025  1.000000 
1238   6023  1.000000 
465   769  1.000000 
531   6025  1.000000 
1404   6025  1.000000 
1351   6025  1.000000 
519   3687  1.000000 
700   3687  1.000000 
928   4747  1.000000 
1133   6025  1.000000 
864   3687  1.000000 
1101   1188  0.500000 
1406   6025  1.000000 
1271   24632  1.000000 
630   3687  1.000000 
202   6025  1.000000 
71   1188  1.000000 
800   3687  1.000000 
1032   6025  1.000000 
1020   3660  1.000000 
981   4747  1.000000 
47   1188  1.000000 
1173   1188  1.000000 
1247   763  1.000000 
46   1188  1.000000 
1102   6025  0.500000 
1102   6026  0.500000 
1217   6025  1.000000 
1269   762  1.000000 
401   1188  0.333000 
401   762  0.333000 
345   762  0.667000 
345   1188  0.333000 
938   6025  1.000000 
42   1188  1.000000 
1359   762  0.500000 
1359   763  0.250000 
1165   1188  1.000000 
1019   6025  1.000000 
882   3687  1.000000 
132   762  1.000000 
1152   24583  1.000000 
1237   763  1.000000 
510   762  1.000000 
295   6025  1.000000 
461   6025  1.000000 
1198   5316  1.000000 
235   6025  1.000000 
941   4747  1.000000 
1211   1188  0.500000 
1093   6028  1.000000 
115   6025  1.000000 
1075   6028  0.200000 
1075   6025  0.800000 
898   6025  1.000000 
1408   3224  1.000000 
1077   762  0.667000 
1077   6022  0.333000 
809   3687  1.000000 
414   763  1.000000 
866   6025  1.000000 
1122   12253  1.000000 
948   4747  1.000000 
496   6025  1.000000 
729   762  1.000000 
1047   6025  1.000000 
42   762  1.000000 
653   1188  0.750000 
442   763  1.000000 
110   1188  0.250000 
110   762  0.750000 
892   1188  0.500000 
892   762  0.500000 
742   6025  0.800000 
113   6029  0.333000 
113   6025  0.333000 
982   1188  1.000000 
630   762  1.000000 
1314   6025  1.000000 
1082   1188  1.000000 
786   1188  1.000000 
649   762  1.000000 
416   6025  1.000000 
144   762  1.000000 
990   763  0.250000 
990   1188  0.750000 
833   3687  0.500000 
833   4747  0.500000 
1084   763  1.000000 
478   3687  1.000000 
1158   5325  1.000000 
869   6025  1.000000 
1289   6025  1.000000 
726   3687  1.000000 
1279   6025  1.000000 
574   6025  1.000000 
624   762  1.000000 
1181   24583  1.000000 
1234   6023  1.000000 
1122   12253  1.000000 
582   4747  1.000000 
1239   6025  1.000000 
882   763  0.500000 
882   1188  0.500000 
1399   762  1.000000 
85   762  1.000000 
551   762  0.500000 
551   1188  0.500000 
696   6025  0.857000 
79   6029  0.500000 
79   6025  0.500000 
1116   1188  1.000000 
489   4747  1.000000 
854   762  0.750000 
854   1188  0.250000 
1384   6025  1.000000 
435   762  1.000000 
642   762  0.333000 
17   6029  1.000000 
1142   4780  1.000000 
460   1196  1.000000 
1373   762  0.750000 
1151   6022  0.333000 
1151   1188  0.667000 
1428   3224  1.000000 
893   762  0.333000 
893   1188  0.667000 
1410   762  1.000000 
368   762  1.000000 
570   1188  1.000000 
652   3687  1.000000 
1318   762  1.000000 
229   762  1.000000 
227   6025  1.000000 
214   1188  1.000000 
1364   24632  1.000000 
1120   1188  1.000000 
907   6021  1.000000 
689   3687  1.000000 
104   762  1.000000 
132   6029  1.000000 
651   1188  1.000000 
873   763  0.500000 
873   762  0.500000 
1132   763  0.667000 
1132   762  0.333000 
252   6025  1.000000 
1130   5325  1.000000 
298   762  0.333000 
635   1188  1.000000 
834   1188  0.667000 
834   762  0.167000 
834   763  0.167000 
274   1188  1.000000 
613   762  1.000000 
1003   6022  1.000000 
34   6029  1.000000 
1156   6021  1.000000 
1178   2067  1.000000 
1118   6022  1.000000 
1267   24632  1.000000 
522   6025  1.000000 
1438   3224  1.000000 
585   1188  1.000000 
788   6025  1.000000 
913   4747  1.000000 
722   6025  1.000000 
885   762  1.000000 
1299   763  0.250000 
1299   762  0.750000 
1160   5325  1.000000 
362   762  1.000000 
28   762  1.000000 
689   762  1.000000 
871   763  1.000000 
87   6025  0.500000 
87   6029  0.500000 
1189   762  1.000000 
259   1188  1.000000 
1315   24632  1.000000 
1306   1188  1.000000 
1095   6028  0.500000 
1095   6026  0.500000 
997   6022  1.000000 
1163   763  1.000000 
1110   763  1.000000 
665   4747  0.500000 
665   3687  0.500000 
925   3687  0.500000 
1145   4780  1.000000 
870   1188  1.000000 
26   762  1.000000 
1428   6025  1.000000 
481   762  0.500000 
886   763  1.000000 
991   762  0.500000 
991   763  0.500000 
1183   5316  1.000000 
989   762  0.667000 
989   1188  0.333000 
1003   762  1.000000 
855   763  0.250000 
855   762  0.500000 
855   6021  0.250000 
73   1188  1.000000 
1173   6025  1.000000 
523   3687  1.000000 
414   6025  1.000000 
544   762  0.800000 
544   6021  0.200000 
707   6025  1.000000 
574   763  0.250000 
574   762  0.250000 
574   1188  0.500000 
524   6025  0.500000 
965   4747  1.000000 
150   762  1.000000 
90   6029  0.500000 
90   6025  0.500000 
228   763  0.333000 
228   762  0.667000 
1279   24632  1.000000 
708   762  1.000000 
660   6025  0.800000 
771   6029  1.000000 
874   762  0.500000 
874   763  0.500000 
1275   6025  1.000000 
612   762  0.600000 
612   763  0.200000 
612   1188  0.200000 
1305   1188  1.000000 
1257   763  1.000000 
1046   765  1.000000 
574   4747  1.000000 
803   3687  1.000000 
143   6025  1.000000 
1360   762  0.750000 
1360   763  0.250000 
831   762  0.667000 
931   762  1.000000 
1032   762  0.250000 
1032   1188  0.750000 
1349   6025  1.000000 
428   763  1.000000 
1048   763  1.000000 
671   3687  1.000000 
1041   1196  0.500000 
1041   1193  0.500000 
1169   762  1.000000 
677   1188  1.000000 
763   1188  1.000000 
513   6025  1.000000 
20   6025  1.000000 
564   3687  1.000000 
128   762  1.000000 
912   763  0.500000 
912   762  0.500000 
1124   763  1.000000 
1193   762  1.000000 
974   4747  1.000000 
550   762  0.600000 
550   6021  0.200000 
550   1188  0.200000 
265   1188  1.000000 
1320   1188  1.000000 
361   762  1.000000 
403   762  1.000000 
1218   24632  1.000000 
1057   1188  1.000000 
1313   762  0.800000 
1313   1188  0.200000 
1030   1188  1.000000 
1149   24583  1.000000 
69   6025  1.000000 
798   1188  1.000000 
296   762  1.000000 
27   6025  1.000000 
1026   763  1.000000 
41   762  1.000000 
919   1188  1.000000 
358   762  1.000000 
1049   1188  1.000000 
821   762  0.167000 
821   1188  0.833000 
1241   6023  1.000000 
1183   763  1.000000 
826   6030  1.000000 
584   3687  0.500000 
584   4747  0.500000 
744   762  1.000000 
970   4747  1.000000 
938   762  0.667000 
938   1188  0.333000 
1410   3224  1.000000 
846   6026  0.125000 
846   6025  0.875000 
1102   1188  1.000000 
1057   762  0.667000 
309   6025  1.000000 
135   762  1.000000 
1184   5325  1.000000 
710   763  0.500000 
710   762  0.500000 
865   3687  1.000000 
512   762  1.000000 
43   1188  1.000000 
1157   6021  1.000000 
1146   6022  1.000000 
937   3687  1.000000 
1149   1188  1.000000 
1313   24632  1.000000 
860   1188  1.000000 
36   6029  1.000000 
1005   1188  1.000000 
746   3687  1.000000 
1085   6026  1.000000 
1002   1188  0.750000 
1002   762  0.250000 
1111   762  1.000000 
928   6025  1.000000 
1395   24632  1.000000 
834   6025  1.000000 
1370   1188  1.000000 
954   1188  0.250000 
954   762  0.750000 
853   762  1.000000 
795   3687  1.000000 
1415   3224  1.000000 
80   1188  1.000000 
830   762  0.667000 
830   1188  0.333000 
713   762  1.000000 
764   3687  0.500000 
764   4747  0.500000 
6   762  0.500000 
667   1188  1.000000 
1250   24632  1.000000 
1395   762  0.667000 
1255   1188  0.667000 
1255   6021  0.333000 
941   1188  0.500000 
1168   1188  1.000000 
765   3687  1.000000 
1416   6025  1.000000 
12   6025  1.000000 
1320   24632  1.000000 
1273   24632  1.000000 
85   762  1.000000 
637   762  1.000000 
920   762  0.500000 
920   763  0.500000 
998   3687  0.500000 
998   4866  0.500000 
893   6025  0.857000 
1268   763  1.000000 
424   6025  1.000000 
689   6029  1.000000 
609   1188  1.000000 
1372   1188  1.000000 
593   4747  0.500000 
593   3687  0.500000 
1278   24632  1.000000 
817   1188  0.833000 
817   762  0.167000 
1052   6025  1.000000 
1376   763  1.000000 
945   1188  1.000000 
1247   761  1.000000 
746   762  1.000000 
3   6025  1.000000 
880   4747  0.500000 
880   3687  0.500000 
1232   6025  1.000000 
1317   24632  1.000000 
733   1188  1.000000 
160   762  1.000000 
411   762  0.500000 
1275   762  0.500000 
1275   1187  0.250000 
767   6030  1.000000 
311   6025  1.000000 
1004   6021  0.333000 
1004   762  0.667000 
1191   763  1.000000 
8   762  0.500000 
618   1188  1.000000 
1230   762  1.000000 
358   1188  1.000000 
610   4747  0.500000 
610   3687  0.500000 
683   6029  1.000000 
798   3687  1.000000 
278   6025  1.000000 
1090   1188  1.000000 
1392   1188  1.000000 
143   762  1.000000 
256   1188  1.000000 
561   4747  0.500000 
561   3687  0.500000 
1412   3224  1.000000 
1304   762  0.750000 
1304   763  0.250000 
1218   762  1.000000 
1376   1188  1.000000 
323   1188  1.000000 
1345   762  0.600000 
1345   1188  0.200000 
640   3687  0.500000 
640   4747  0.500000 
18   762  1.000000 
1160   762  1.000000 
587   1188  1.000000 
534   762  1.000000 
553   3687  1.000000 
1300   762  1.000000 
746   6025  1.000000 
905   763  0.500000 
905   762  0.500000 
1301   6028  1.000000 
1114   6028  1.000000 
1179   6025  1.000000 
787   3687  1.000000 
1419   762  1.000000 
662   6023  1.000000 
859   1188  0.333000 
859   762  0.667000 
1135   4780  1.000000 
493   3687  1.000000 
1375   762  1.000000 
643   1188  1.000000 
580   1188  1.000000 
391   762  1.000000 
1038   1188  1.000000 
1155   762  0.333000 
1155   1188  0.667000 
380   762  1.000000 
936   6025  1.000000 
986   1188  1.000000 
1094   763  1.000000 
275   762  1.000000 
644   3687  1.000000 
10   6025  1.000000 
756   6030  1.000000 
1396   762  1.000000 
675   6025  1.000000 
1147   1188  0.500000 
1147   762  0.500000 
477   6025  1.000000 
1203   24583  1.000000 
228   1188  1.000000 
968   762  1.000000 
1077   4780  1.000000 
828   3687  1.000000 
276   6025  1.000000 
1050   762  1.000000 
614   762  1.000000 
562   1188  0.333000 
562   762  0.667000 
1139   4780  1.000000 
1308   762  0.750000 
1308   763  0.250000 
986   762  0.667000 
986   1188  0.333000 
21   6029  1.000000 
820   1188  0.500000 
820   762  0.500000 
249   762  1.000000 
1111   762  0.333000 
1111   763  0.667000 
878   762  0.500000 
878   763  0.500000 
1066   762  1.000000 
1326   762  1.000000 
500   762  1.000000 
116   6029  1.000000 
558   763  1.000000 
743   4747  0.500000 
743   3687  0.500000 
772   6030  1.000000 
981   1188  1.000000 
1374   6025  1.000000 
905   763  0.500000 
905   762  0.500000 
265   762  1.000000 
579   3687  1.000000 
1119   6022  1.000000 
24   1188  0.333000 
24   762  0.667000 
494   6025  1.000000 
570   762  1.000000 
1008   6025  1.000000 
925   763  1.000000 
623   3687  1.000000 
866   762  1.000000 
1070   762  0.667000 
1323   6025  1.000000 
1030   763  1.000000 
504   762  0.750000 
504   1188  0.250000 
1   6025  0.667000 
1   6029  0.333000 
771   762  0.667000 
771   763  0.333000 
525   762  0.750000 
525   1188  0.250000 
927   762  1.000000 
1293   763  0.333000 
1293   762  0.333000 
1352   762  0.667000 
1352   1188  0.333000 
834   762  1.000000 
1185   763  1.000000 
671   6023  1.000000 
35   6029  1.000000 
278   762  0.667000 
278   763  0.333000 
729   6025  1.000000 
203   6025  1.000000 
1391   6022  1.000000 
1106   6025  1.000000 
87   6025  0.500000 
87   6029  0.500000 
1244   762  1.000000 
1071   762  1.000000 
853   1188  0.600000 
853   762  0.400000 
904   3233  1.000000 
644   1188  1.000000 
852   6026  0.125000 
852   6025  0.875000 
1226   5316  1.000000 
878   762  0.500000 
878   763  0.500000 
1187   763  1.000000 
582   762  0.250000 
582   1188  0.750000 
1296   24632  1.000000 
215   762  0.667000 
215   1188  0.333000 
827   6031  1.000000 
897   6025  1.000000 
1035   6025  1.000000 
1322   762  0.750000 
1322   1188  0.250000 
1047   763  1.000000 
710   762  0.200000 
710   1188  0.800000 
1040   763  1.000000 
943   6025  0.800000 
1237   6023  1.000000 
571   762  0.750000 
571   1188  0.250000 
1268   24632  1.000000 
1272   762  1.000000 
848   6025  1.000000 
838   1188  1.000000 
135   6025  1.000000 
1064   1188  1.000000 
958   1188  0.500000 
958   762  0.500000 
1275   762  0.500000 
1275   1187  0.250000 
1384   6022  1.000000 
1073   6025  1.000000 
1122   763  1.000000 
1174   5325  1.000000 
622   762  1.000000 
1135   1188  0.500000 
1135   763  0.500000 
772   6025  1.000000 
347   1188  1.000000 
722   3687  0.500000 
1335   762  0.500000 
1335   1188  0.500000 
112   762  1.000000 
1124   6022  1.000000 
1112   1188  1.000000 
854   6028  1.000000 
1390   6022  1.000000 
1123   6028  1.000000 
1121   763  0.500000 
1121   762  0.500000 
874   6028  0.125000 
874   6025  0.875000 
742   6025  0.800000 
1093   6026  1.000000 
55   6025  1.000000 
840   1188  0.667000 
840   762  0.333000 
1246   2067  1.000000 
1387   6021  1.000000 
1119   762  1.000000 
1101   6026  1.000000 
21   6025  1.000000 
437   6025  1.000000 
1082   6025  1.000000 
614   6029  1.000000 
254   1188  1.000000 
901   3687  1.000000 
863   3687  1.000000 
1195   6025  1.000000 
892   1188  0.500000 
892   762  0.500000 
826   762  0.167000 
826   1188  0.833000 
1357   6021  1.000000 
978   762  1.000000 
1070   6025  1.000000 
411   762  0.500000 
770   762  0.200000 
770   1188  0.800000 
111   6029  1.000000 
990   3687  0.500000 
990   4866  0.500000 
120   6025  1.000000 
1100   6025  1.000000 
226   762  1.000000 
1042   6025  0.800000 
409   762  1.000000 
217   762  1.000000 
1151   4780  1.000000 
193   1188  1.000000 
715   762  1.000000 
1310   24632  1.000000 
228   6025  1.000000 
1201   3233  0.500000 
1201   5316  0.500000 
180   1188  1.000000 
1101   5341  1.000000 
306   762  1.000000 
918   1188  1.000000 
875   763  1.000000 
665   6023  1.000000 
1194   763  1.000000 
1086   2074  1.000000 
1241   1188  1.000000 
1231   6026  1.000000 
1210   762  1.000000 
1167   763  1.000000 
1234   763  1.000000 
1178   6025  1.000000 
1019   763  0.250000 
1019   1188  0.250000 
1019   762  0.500000 
1102   6025  1.000000 
1235   762  1.000000 
930   763  0.333000 
930   762  0.667000 
55   6029  1.000000 
1077   762  0.667000 
1077   6022  0.333000 
1158   6025  1.000000 
200   763  1.000000 
821   6030  1.000000 
894   762  1.000000 
557   763  1.000000 
100   6029  1.000000 
112   6025  1.000000 
1417   6025  1.000000 
1321   24632  1.000000 
1198   6025  1.000000 
559   3687  0.500000 
559   4747  0.500000 
1206   3233  1.000000 
1291   763  0.333000 
1291   762  0.667000 
1008   1188  1.000000 
533   3687  1.000000 
889   763  0.500000 
889   1188  0.500000 
522   763  1.000000 
767   1188  1.000000 
900   1188  1.000000 
928   762  1.000000 
718   1188  1.000000 
184   6025  1.000000 
581   4747  1.000000 
305   1188  0.333000 
305   762  0.667000 
1380   24632  1.000000 
744   1188  1.000000 
490   763  1.000000 
1111   6023  1.000000 
1305   6025  1.000000 
1216   3233  1.000000 
188   1188  1.000000 
634   3687  1.000000 
159   6025  1.000000 
1056   1188  1.000000 
1181   763  1.000000 
1094   762  0.250000 
1094   1188  0.750000 
757   6030  1.000000 
583   762  1.000000 
1226   1188  0.667000 
1226   762  0.333000 
1080   763  0.500000 
1080   762  0.500000 
1420   762  1.000000 
1214   1188  1.000000 
203   762  1.000000 
720   762  1.000000 
570   6025  1.000000 
885   6025  1.000000 
828   6032  1.000000 
215   762  0.667000 
215   1188  0.333000 
1019   763  0.250000 
1019   1188  0.250000 
1019   762  0.500000 
508   3687  1.000000 
849   6025  1.000000 
1405   762  1.000000 
525   762  0.750000 
525   1188  0.250000 
1130   1188  1.000000 
1297   24632  1.000000 
1269   1188  1.000000 
5   6025  1.000000 
668   1188  0.750000 
180   762  1.000000 
1217   5341  1.000000 
606   3687  1.000000 
310   1188  1.000000 
740   762  1.000000 
1169   1188  0.500000 
1169   762  0.500000 
127   6029  1.000000 
1295   762  1.000000 
56   6029  1.000000 
722   762  0.750000 
722   1188  0.250000 
502   3687  0.500000 
502   4747  0.500000 
1107   763  1.000000 
1370   763  1.000000 
603   1188  1.000000 
1209   1188  1.000000 
236   6025  1.000000 
1093   762  0.500000 
1093   1188  0.500000 
949   762  1.000000 
669   6023  1.000000 
977   6022  1.000000 
863   1188  0.667000 
863   762  0.333000 
1027   762  1.000000 
502   762  1.000000 
564   762  1.000000 
999   4866  1.000000 
829   3687  1.000000 
437   762  1.000000 
99   6029  0.333000 
99   6025  0.667000 
398   762  1.000000 
1173   5325  1.000000 
1284   6025  1.000000 
1004   6022  1.000000 
1111   762  0.333000 
1111   763  0.667000 
801   1188  1.000000 
173   6025  1.000000 
1332   1188  1.000000 
402   762  1.000000 
1300   6025  1.000000 
1209   762  1.000000 
1327   6025  1.000000 
1131   5325  0.500000 
995   762  0.333000 
995   1188  0.667000 
1382   762  1.000000 
824   6030  1.000000 
507   762  0.750000 
244   6025  1.000000 
1205   763  1.000000 
1305   24632  1.000000 
886   1188  1.000000 
1237   1188  1.000000 
1318   6025  1.000000 
900   3687  1.000000 
883   762  1.000000 
812   1188  0.667000 
812   762  0.333000 
624   3687  1.000000 
738   6025  1.000000 
609   3687  1.000000 
1387   6025  1.000000 
591   763  0.250000 
591   1188  0.750000 
1425   762  1.000000 
528   1188  1.000000 
704   3687  1.000000 
1080   6028  1.000000 
1326   24632  1.000000 
724   1188  0.333000 
724   762  0.667000 
814   763  0.167000 
814   1188  0.833000 
1014   1188  1.000000 
1024   6025  1.000000 
701   1188  1.000000 
1028   4734  1.000000 
1078   763  1.000000 
1069   763  1.000000 
1253   6025  1.000000 
803   6030  1.000000 
527   1188  0.500000 
527   762  0.500000 
810   6025  0.875000 
936   4747  1.000000 
543   6022  0.200000 
543   762  0.800000 
315   1188  1.000000 
1233   1188  0.500000 
1233   762  0.500000 
141   1188  1.000000 
1193   6111  1.000000 
92   762  1.000000 
1305   763  1.000000 
97   762  1.000000 
607   762  1.000000 
544   762  0.800000 
544   6021  0.200000 
847   6028  1.000000 
204   1188  1.000000 
617   6029  1.000000 
1052   762  0.500000 
1406   762  0.667000 
179   762  1.000000 
903   762  0.500000 
1251   2059  1.000000 
829   762  1.000000 
847   1188  1.000000 
666   762  1.000000 
651   3687  1.000000 
524   762  1.000000 
904   762  1.000000 
1176   2059  1.000000 
1385   1188  1.000000 
1277   6021  0.333000 
1277   762  0.667000 
1195   5316  0.500000 
1418   6025  1.000000 
1009   762  1.000000 
1150   6022  0.333000 
1150   762  0.667000 
125   6025  1.000000 
1274   762  0.500000 
1274   763  0.500000 
338   762  0.667000 
1284   763  0.333000 
1284   762  0.667000 
1108   6025  0.667000 
547   762  0.750000 
547   6021  0.250000 
1216   762  1.000000 
1082   763  1.000000 
715   3687  1.000000 
302   762  1.000000 
800   1188  1.000000 
635   762  1.000000 
1116   3230  1.000000 
546   762  0.750000 
546   6022  0.250000 
145   6025  1.000000 
105   763  0.250000 
105   762  0.750000 
1278   1188  1.000000 
668   6023  1.000000 
1347   24632  1.000000 
862   3687  1.000000 
978   1188  1.000000 
381   762  1.000000 
1398   1188  1.000000 
754   6025  1.000000 
480   4747  1.000000 
1383   6022  1.000000 
804   6030  1.000000 
624   763  0.200000 
624   1188  0.800000 
906   6025  1.000000 
1239   763  1.000000 
966   1188  1.000000 
1386   1188  0.500000 
1386   762  0.500000 
1105   763  1.000000 
1229   24632  1.000000 
539   3687  1.000000 
511   762  1.000000 
986   762  1.000000 
125   6029  1.000000 
194   6025  1.000000 
1085   1188  0.750000 
1085   763  0.250000 
1146   1188  1.000000 
545   3687  1.000000 
780   6025  1.000000 
1001   3661  1.000000 
521   763  1.000000 
495   24583  1.000000 
402   1188  1.000000 
588   6025  1.000000 
1004   4866  1.000000 
333   762  1.000000 
1253   763  1.000000 
12   762  0.500000 
751   3687  1.000000 
10   6029  1.000000 
780   762  0.667000 
780   1188  0.333000 
1272   6025  1.000000 
932   763  0.500000 
932   762  0.500000 
1215   24632  1.000000 
761   762  1.000000 
1082   4780  1.000000 
1065   763  1.000000 
719   1188  1.000000 
714   6025  0.857000 
845   762  0.286000 
845   1188  0.714000 
1147   762  1.000000 
632   1188  1.000000 
1128   763  1.000000 
486   6025  1.000000 
743   4747  0.500000 
743   3687  0.500000 
1123   4780  1.000000 
114   762  1.000000 
548   6021  1.000000 
1046   763  1.000000 
1213   6025  1.000000 
788   1188  1.000000 
787   4747  1.000000 
120   6025  1.000000 
903   3687  1.000000 
893   6025  0.857000 
1110   3350  1.000000 
86   762  0.667000 
86   763  0.333000 
251   762  1.000000 
892   6023  1.000000 
162   6025  1.000000 
942   762  0.667000 
942   763  0.333000 
1085   1188  0.750000 
1085   763  0.250000 
584   1188  1.000000 
321   6025  1.000000 
1032   762  0.250000 
1032   1188  0.750000 
177   6025  1.000000 
1184   3233  1.000000 
1204   763  1.000000 
881   763  0.333000 
881   1188  0.667000 
1092   1188  1.000000 
1207   763  1.000000 
570   762  1.000000 
1044   766  1.000000 
288   1188  1.000000 
686   6025  1.000000 
765   762  1.000000 
593   1188  0.750000 
593   763  0.250000 
1007   762  0.500000 
1007   1188  0.500000 
887   3687  1.000000 
655   762  1.000000 
95   762  1.000000 
305   1188  0.333000 
305   762  0.667000 
1204   24632  1.000000 
779   6025  0.857000 
1306   24632  1.000000 
822   6025  1.000000 
1201   6025  1.000000 
835   6025  1.000000 
619   762  1.000000 
453   762  1.000000 
739   762  1.000000 
1130   4780  1.000000 
1164   763  1.000000 
812   1188  1.000000 
22   6025  1.000000 
136   762  1.000000 
296   6025  1.000000 
557   3687  0.500000 
317   1188  1.000000 
235   762  1.000000 
772   3687  1.000000 
12   6029  1.000000 
101   762  1.000000 
637   3687  1.000000 
833   3687  0.500000 
833   4747  0.500000 
64   762  1.000000 
1050   762  0.333000 
1050   1188  0.667000 
1031   3665  1.000000 
1113   6028  1.000000 
719   762  0.750000 
719   1188  0.250000 
1095   6025  1.000000 
136   1188  1.000000 
403   6025  1.000000 
932   763  1.000000 
652   6025  0.800000 
924   6025  1.000000 
548   6022  0.200000 
548   762  0.600000 
548   763  0.200000 
789   762  1.000000 
468   762  1.000000 
705   762  0.200000 
705   1188  0.800000 
888   1188  1.000000 
1105   5341  1.000000 
1075   762  1.000000 
1410   762  1.000000 
537   3687  1.000000 
1297   763  1.000000 
1310   762  1.000000 
153   762  1.000000 
889   762  0.500000 
889   1188  0.500000 
1026   762  1.000000 
444   763  1.000000 
784   3687  1.000000 
804   1188  0.500000 
804   762  0.500000 
1281   762  0.500000 
1281   763  0.500000 
470   9644  1.000000 
1202   6025  1.000000 
174   762  1.000000 
1203   6025  1.000000 
1296   762  0.333000 
1296   1188  0.667000 
148   1188  1.000000 
745   1188  1.000000 
978   763  1.000000 
261   6025  1.000000 
931   4747  1.000000 
1249   2059  1.000000 
749   3687  1.000000 
518   762  1.000000 
1203   1188  1.000000 
626   1188  0.200000 
626   762  0.600000 
1148   762  1.000000 
1134   6025  0.667000 
1134   6028  0.333000 
1005   6025  1.000000 
650   3687  0.500000 
650   4747  0.500000 
1092   6025  1.000000 
1358   762  0.800000 
353   762  1.000000 
1273   763  1.000000 
467   6024  1.000000 
530   1188  1.000000 
1159   2074  1.000000 
117   6025  1.000000 
762   6030  1.000000 
1150   1188  1.000000 
864   763  0.333000 
864   1188  0.667000 
352   1188  1.000000 
786   6030  1.000000 
1158   1188  0.333000 
1158   762  0.667000 
883   3687  1.000000 
542   762  0.667000 
542   1188  0.333000 
792   1188  1.000000 
1232   6023  1.000000 
512   6025  1.000000 
552   762  0.500000 
552   6022  0.250000 
552   1188  0.250000 
606   1188  1.000000 
890   3687  1.000000 
178   762  1.000000 
25   762  0.500000 
25   1188  0.500000 
175   1188  1.000000 
1212   762  0.667000 
1212   763  0.333000 
1213   3233  1.000000 
664   4747  1.000000 
438   762  0.500000 
438   763  0.500000 
1368   1188  0.333000 
1368   762  0.667000 
65   6025  1.000000 
26   6025  1.000000 
1372   6025  1.000000 
990   762  1.000000 
647   1188  1.000000 
440   762  1.000000 
1243   762  0.500000 
1243   763  0.500000 
1333   1188  0.333000 
1333   762  0.667000 
872   3687  1.000000 
1140   6025  0.667000 
1201   763  1.000000 
1148   1188  1.000000 
1118   3222  1.000000 
24   1188  1.000000 
1375   6022  1.000000 
591   6025  1.000000 
1374   762  1.000000 
639   6025  1.000000 
1270   763  0.500000 
1270   1188  0.500000 
1352   762  0.667000 
1352   1188  0.333000 
519   6025  1.000000 
1297   762  0.500000 
1297   1188  0.500000 
502   2059  1.000000 
384   762  0.667000 
245   762  1.000000 
899   6023  1.000000 
1282   24632  1.000000 
589   762  1.000000 
771   1188  1.000000 
772   1188  1.000000 
962   6025  1.000000 
735   1188  1.000000 
720   3687  1.000000 
901   6025  0.833000 
914   6025  1.000000 
725   762  1.000000 
565   6025  1.000000 
961   1188  1.000000 
818   762  0.500000 
818   1188  0.500000 
106   6025  1.000000 
1123   6022  1.000000 
506   3687  1.000000 
59   762  1.000000 
1333   1188  0.333000 
1333   762  0.667000 
220   763  1.000000 
179   1188  1.000000 
1087   6025  0.800000 
1087   6028  0.200000 
1121   12253  1.000000 
1121   763  0.500000 
1121   762  0.500000 
1212   762  0.667000 
1212   763  0.333000 
601   762  0.750000 
601   1188  0.250000 
638   4747  1.000000 
30   6029  0.500000 
30   6025  0.500000 
594   3687  1.000000 
1367   24632  1.000000 
1161   1188  1.000000 
626   6025  1.000000 
782   1188  1.000000 
1152   763  0.500000 
1152   1188  0.500000 
1242   762  1.000000 
949   4747  1.000000 
574   762  1.000000 
885   3687  1.000000 
801   6025  1.000000 
596   6025  1.000000 
128   6025  1.000000 
1131   6025  1.000000 
807   762  0.500000 
807   1188  0.500000 
29   762  1.000000 
1175   6025  1.000000 
901   762  0.500000 
8   1188  1.000000 
180   6025  1.000000 
642   1188  1.000000 
1092   763  1.000000 
1217   1188  1.000000 
1279   763  1.000000 
1291   1188  1.000000 
62   6029  1.000000 
1293   6025  1.000000 
1222   763  1.000000 
289   6025  1.000000 
38   762  1.000000 
1095   5341  1.000000 
1080   763  0.500000 
1080   762  0.500000 
615   1188  0.750000 
503   4747  1.000000 
692   3687  1.000000 
1187   6025  1.000000 
1175   1187  0.333000 
1175   762  0.667000 
1211   6025  1.000000 
222   1188  1.000000 
691   3687  0.500000 
602   6025  1.000000 
1069   6025  1.000000 
1350   6025  1.000000 
491   24583  1.000000 
9   6025  0.667000 
9   6029  0.333000 
1031   1188  1.000000 
124   6025  0.500000 
124   6029  0.500000 
48   1188  1.000000 
90   762  1.000000 
1257   6025  1.000000 
675   3687  1.000000 
560   762  0.667000 
560   1188  0.333000 
941   4747  1.000000 
574   3687  1.000000 
706   1188  1.000000 
88   6025  1.000000 
480   762  1.000000 
690   3687  1.000000 
80   762  0.500000 
80   763  0.500000 
208   6025  1.000000 
524   3687  1.000000 
710   3687  1.000000 
1196   5316  1.000000 
233   763  0.333000 
233   762  0.667000 
1063   6025  1.000000 
1174   763  1.000000 
