1124   5815  1.000000 
129   17750  1.000000 
773   4070  1.000000 
683   5814  0.750000 
1024   5814  1.000000 
1025   5815  1.000000 
730   5814  1.000000 
657   5815  1.000000 
825   3014  1.000000 
800   4072  1.000000 
403   5815  1.000000 
380   5815  1.000000 
445   5815  0.889000 
316   5815  0.900000 
795   5815  1.000000 
866   4064  1.000000 
821   4070  1.000000 
1107   5814  1.000000 
960   5814  1.000000 
823   5816  0.250000 
823   5814  0.750000 
83   5815  1.000000 
670   5815  1.000000 
79   5815  1.000000 
1189   5817  1.000000 
796   5814  1.000000 
432   5815  1.000000 
288   4099  1.000000 
1369   5815  0.929000 
1121   5814  1.000000 
708   2964  1.000000 
217   5815  0.909000 
683   5814  0.750000 
984   5815  1.000000 
875   5814  1.000000 
926   5814  0.857000 
1375   5815  0.929000 
60   22357  1.000000 
772   4070  1.000000 
1220   5815  1.000000 
1428   5815  1.000000 
1230   5815  0.929000 
412   5815  1.000000 
1393   5815  1.000000 
642   5815  1.000000 
645   5815  0.875000 
346   5815  1.000000 
792   5815  1.000000 
769   5814  1.000000 
154   17750  1.000000 
1336   5815  1.000000 
507   5815  1.000000 
326   5815  0.900000 
286   5815  1.000000 
522   5815  1.000000 
839   4070  1.000000 
668   5889  1.000000 
1   5815  1.000000 
21   15833  1.000000 
907   5815  1.000000 
1106   5816  1.000000 
587   5814  1.000000 
761   5815  1.000000 
1150   5816  0.667000 
859   5815  1.000000 
187   5815  1.000000 
182   5815  1.000000 
713   5814  1.000000 
945   5814  1.000000 
661   5814  1.000000 
1079   5815  0.250000 
1079   5814  0.750000 
164   5815  0.909000 
627   5815  1.000000 
609   5814  0.100000 
609   5815  0.900000 
1399   5815  0.929000 
1182   5817  1.000000 
1190   5815  1.000000 
714   2677  1.000000 
576   5815  1.000000 
400   5815  0.900000 
138   17750  1.000000 
630   5815  1.000000 
219   17750  1.000000 
332   5815  1.000000 
1266   5815  0.929000 
724   2964  1.000000 
1261   5815  0.929000 
705   5815  0.833000 
89   5815  1.000000 
944   5814  0.857000 
1425   5815  1.000000 
1134   5815  0.909000 
619   5814  0.667000 
583   5815  0.900000 
764   4070  1.000000 
410   5815  1.000000 
862   5814  1.000000 
1122   4071  0.250000 
1122   5814  0.750000 
1132   5814  1.000000 
878   5814  1.000000 
1028   5815  1.000000 
476   5815  1.000000 
1361   5815  1.000000 
1268   5815  1.000000 
881   5814  1.000000 
303   5815  1.000000 
712   5815  0.833000 
20   15833  1.000000 
611   5814  1.000000 
961   5815  0.833000 
34   5815  1.000000 
967   5814  1.000000 
919   5815  1.000000 
1142   5815  1.000000 
944   5815  0.714000 
58   5815  0.909000 
1207   5815  1.000000 
651   6104  1.000000 
1240   5815  1.000000 
693   3112  1.000000 
174   17750  1.000000 
1301   5815  1.000000 
1162   5815  1.000000 
838   5894  1.000000 
130   17750  1.000000 
734   5815  1.000000 
513   5815  1.000000 
546   5815  0.900000 
1064   5814  0.833000 
22   5815  1.000000 
870   4070  1.000000 
1194   5817  1.000000 
701   5814  1.000000 
780   5815  1.000000 
1420   5815  1.000000 
319   5815  1.000000 
599   5814  1.000000 
956   5814  0.857000 
219   5815  1.000000 
806   5815  1.000000 
932   5814  0.857000 
810   5814  0.750000 
33   17750  1.000000 
783   5815  1.000000 
280   12909  1.000000 
827   5815  1.000000 
728   5815  1.000000 
48   22357  1.000000 
1098   5815  1.000000 
388   5815  1.000000 
456   5815  1.000000 
687   5814  0.800000 
509   5815  1.000000 
747   5814  1.000000 
810   5814  0.750000 
1374   5815  1.000000 
420   5815  0.900000 
645   5815  0.875000 
199   17750  1.000000 
810   4072  1.000000 
373   5815  1.000000 
829   5814  1.000000 
1088   5815  0.500000 
1088   5817  0.500000 
1127   5815  1.000000 
189   17750  1.000000 
966   5815  0.857000 
105   17750  1.000000 
857   5815  0.857000 
45   5815  1.000000 
752   5814  0.800000 
800   5814  0.667000 
800   5816  0.333000 
619   5814  0.667000 
39   17750  1.000000 
471   5815  1.000000 
367   5815  0.900000 
46   5815  0.909000 
336   5815  0.900000 
23   15833  1.000000 
1158   5815  0.900000 
842   5815  1.000000 
276   12797  1.000000 
172   17750  1.000000 
1196   5815  1.000000 
87   5815  1.000000 
917   5815  1.000000 
784   5814  1.000000 
69   5815  1.000000 
598   5815  1.000000 
462   5815  1.000000 
1080   5815  1.000000 
1154   5816  0.667000 
1154   5814  0.333000 
858   5814  1.000000 
970   5815  1.000000 
194   5815  1.000000 
397   5815  1.000000 
389   5815  1.000000 
262   5859  1.000000 
1267   5815  1.000000 
1139   5814  1.000000 
842   6134  1.000000 
263   5815  0.900000 
48   5815  1.000000 
1159   5814  1.000000 
170   5815  1.000000 
1129   5815  0.909000 
321   5815  1.000000 
1149   5816  1.000000 
925   5814  1.000000 
371   5815  0.900000 
1300   5815  1.000000 
215   5815  1.000000 
836   5891  1.000000 
1230   5815  0.929000 
1156   5814  1.000000 
895   5815  1.000000 
974   5815  1.000000 
721   5814  0.800000 
667   5814  1.000000 
168   5815  0.909000 
892   5814  1.000000 
1338   5815  1.000000 
707   5815  1.000000 
846   6105  1.000000 
52   22357  1.000000 
169   17750  1.000000 
1277   5815  1.000000 
1062   5814  1.000000 
716   5814  1.000000 
775   2964  1.000000 
1153   5815  1.000000 
1089   5814  1.000000 
1060   5814  1.000000 
663   5814  1.000000 
878   5815  1.000000 
334   5815  1.000000 
640   5814  1.000000 
752   5814  0.800000 
734   5814  1.000000 
1159   5817  1.000000 
657   5814  1.000000 
760   5815  1.000000 
801   5815  1.000000 
1136   5815  1.000000 
855   5814  0.833000 
1397   5815  1.000000 
413   5815  0.900000 
1141   5815  1.000000 
624   4069  1.000000 
746   5814  0.833000 
992   5814  0.857000 
992   5816  0.143000 
278   5815  1.000000 
744   2964  1.000000 
813   5814  1.000000 
281   5815  1.000000 
1183   5817  1.000000 
1011   5815  1.000000 
488   5815  1.000000 
1405   5815  1.000000 
1175   5817  1.000000 
723   5814  0.833000 
877   5814  1.000000 
227   17750  1.000000 
18   5815  1.000000 
1244   5815  0.929000 
1244   4071  0.071000 
1142   5814  0.667000 
1142   5816  0.333000 
759   2964  1.000000 
1016   5814  1.000000 
1048   5814  1.000000 
322   12975  1.000000 
1150   5817  1.000000 
1238   5815  1.000000 
198   17750  1.000000 
1089   5816  1.000000 
686   5815  1.000000 
708   5815  1.000000 
1316   5815  0.929000 
776   4070  1.000000 
281   6497  1.000000 
673   3056  1.000000 
834   2062  1.000000 
437   5815  1.000000 
394   5815  1.000000 
591   5814  1.000000 
794   5815  1.000000 
288   5815  1.000000 
963   5815  1.000000 
889   5814  1.000000 
896   5815  1.000000 
448   5815  0.800000 
710   5815  1.000000 
1116   5815  0.900000 
209   22357  1.000000 
479   5815  1.000000 
143   5815  1.000000 
267   3116  1.000000 
1026   5815  1.000000 
1076   5815  0.889000 
1076   5817  0.111000 
626   4068  1.000000 
274   3077  1.000000 
1353   5815  1.000000 
387   5815  1.000000 
780   2964  1.000000 
844   6105  1.000000 
844   5815  1.000000 
666   5814  1.000000 
121   5815  1.000000 
656   5815  1.000000 
797   5814  1.000000 
729   5815  1.000000 
930   5815  0.857000 
1131   5814  1.000000 
248   5815  1.000000 
942   5814  0.857000 
1194   5815  1.000000 
1200   5815  1.000000 
841   4070  1.000000 
1165   5815  1.000000 
1079   5815  1.000000 
259   3116  1.000000 
1211   5815  1.000000 
202   5815  1.000000 
106   5815  1.000000 
315   5815  1.000000 
1203   5815  1.000000 
1354   5815  1.000000 
107   17750  1.000000 
341   5815  1.000000 
449   5815  1.000000 
332   12978  1.000000 
22   5814  1.000000 
990   5814  1.000000 
936   5815  0.857000 
1063   5815  1.000000 
685   5814  0.750000 
1065   5814  1.000000 
1112   5815  0.900000 
126   5815  1.000000 
313   5815  1.000000 
835   4070  0.200000 
835   5814  0.800000 
1206   5815  0.929000 
263   5859  1.000000 
1343   5815  1.000000 
103   17750  1.000000 
787   5814  1.000000 
1409   5815  1.000000 
776   2964  1.000000 
458   5815  0.800000 
1295   5815  1.000000 
910   5814  1.000000 
1111   5814  1.000000 
1350   5815  1.000000 
773   2964  1.000000 
160   5815  1.000000 
1014   5814  1.000000 
635   6099  1.000000 
232   22357  1.000000 
1074   5814  1.000000 
22   15833  1.000000 
1079   5816  1.000000 
938   5814  1.000000 
1078   5815  1.000000 
270   6515  1.000000 
806   3113  1.000000 
672   5814  1.000000 
682   5815  1.000000 
828   5814  1.000000 
824   4070  1.000000 
885   5815  1.000000 
103   5815  1.000000 
180   5815  1.000000 
915   5815  1.000000 
1125   5815  1.000000 
693   5814  1.000000 
1099   5816  1.000000 
277   3083  1.000000 
908   5814  1.000000 
21   5814  1.000000 
334   12978  1.000000 
279   12909  1.000000 
730   2964  1.000000 
834   5814  0.800000 
506   5815  1.000000 
1198   5815  1.000000 
277   5815  1.000000 
795   5814  0.750000 
795   4698  0.250000 
811   4070  1.000000 
28   5815  1.000000 
1045   5815  0.857000 
764   5814  1.000000 
39   5815  0.917000 
852   6103  1.000000 
719   5814  0.750000 
9   5815  1.000000 
870   5814  1.000000 
833   2062  0.143000 
833   4070  0.143000 
833   5814  0.714000 
548   5815  1.000000 
821   5814  1.000000 
1068   5815  0.875000 
597   5815  0.900000 
5   5815  1.000000 
1233   5815  1.000000 
511   5815  1.000000 
1199   5817  1.000000 
728   5814  1.000000 
1125   4071  1.000000 
827   3056  1.000000 
1319   5815  0.929000 
1039   5815  1.000000 
655   5814  1.000000 
1097   5815  0.875000 
12   4069  1.000000 
1276   5815  1.000000 
787   2964  1.000000 
740   5815  1.000000 
290   8034  1.000000 
343   5815  1.000000 
1109   5814  1.000000 
83   17750  1.000000 
978   5815  1.000000 
222   17750  1.000000 
127   5815  1.000000 
764   5815  1.000000 
224   5815  1.000000 
723   5815  1.000000 
115   5815  0.818000 
1324   5815  1.000000 
739   5815  1.000000 
226   17750  1.000000 
594   5815  0.900000 
67   5815  0.909000 
816   5814  1.000000 
1380   5815  1.000000 
335   12978  1.000000 
314   5815  1.000000 
758   4070  1.000000 
879   5814  1.000000 
1092   5816  1.000000 
672   4040  1.000000 
750   2964  1.000000 
1371   5815  1.000000 
101   5815  1.000000 
799   3112  1.000000 
733   2964  1.000000 
330   12978  1.000000 
111   17750  1.000000 
9   15833  1.000000 
186   5815  1.000000 
789   5815  1.000000 
801   3112  1.000000 
17   15833  1.000000 
220   17750  1.000000 
854   5815  1.000000 
1092   5815  1.000000 
1061   5815  1.000000 
467   5815  1.000000 
593   5814  1.000000 
798   4072  1.000000 
707   5814  0.800000 
231   5815  1.000000 
788   5815  1.000000 
832   5815  1.000000 
1021   5814  1.000000 
294   5815  1.000000 
1173   5814  1.000000 
877   5815  1.000000 
579   5815  1.000000 
677   3014  1.000000 
1149   5815  1.000000 
118   5815  1.000000 
109   5815  1.000000 
239   5815  1.000000 
1130   4071  1.000000 
963   5814  0.800000 
823   4070  1.000000 
603   5815  0.900000 
152   5815  0.909000 
195   5815  1.000000 
637   5815  1.000000 
1077   5817  1.000000 
782   5814  1.000000 
950   5814  0.714000 
950   4071  0.143000 
64   22357  1.000000 
749   4070  0.167000 
749   5814  0.833000 
1127   5814  1.000000 
1156   5816  1.000000 
1222   5815  1.000000 
841   4071  1.000000 
352   5815  1.000000 
963   5814  1.000000 
228   5815  1.000000 
372   5815  0.889000 
35   5815  1.000000 
107   5815  1.000000 
1099   5814  0.750000 
874   4068  1.000000 
894   5814  0.875000 
616   5814  0.111000 
616   5815  0.889000 
1169   5814  1.000000 
1062   5815  1.000000 
988   5814  0.857000 
1101   5814  1.000000 
1095   5814  0.750000 
577   5815  1.000000 
529   5815  1.000000 
61   5815  1.000000 
720   5815  0.833000 
248   17750  1.000000 
673   5815  0.833000 
139   17750  1.000000 
144   5815  0.909000 
88   17750  1.000000 
635   5814  1.000000 
216   17750  1.000000 
695   3112  1.000000 
886   5815  1.000000 
1058   5814  0.714000 
1058   5815  0.143000 
946   5815  0.857000 
81   17750  1.000000 
1143   5817  0.091000 
1143   5815  0.909000 
1137   5815  1.000000 
20   5815  1.000000 
390   5815  1.000000 
841   5814  1.000000 
308   12973  1.000000 
1131   5815  1.000000 
580   5815  1.000000 
957   5816  0.167000 
957   5814  0.500000 
524   5815  1.000000 
121   17750  1.000000 
857   5814  0.833000 
133   5815  0.909000 
806   4072  1.000000 
1086   5814  1.000000 
1059   5815  1.000000 
1104   5815  0.900000 
1379   5815  1.000000 
867   5814  1.000000 
717   5815  0.833000 
849   5815  1.000000 
665   5815  1.000000 
609   5814  1.000000 
831   5814  1.000000 
971   5815  1.000000 
876   5814  1.000000 
330   5815  0.889000 
987   5815  1.000000 
1157   5815  1.000000 
777   5814  1.000000 
158   5815  1.000000 
1038   5814  1.000000 
2   5815  1.000000 
249   19022  1.000000 
776   5814  1.000000 
626   5814  1.000000 
679   5814  1.000000 
27   5815  0.917000 
958   5815  0.857000 
241   5815  1.000000 
940   5815  1.000000 
1093   5815  1.000000 
135   5815  1.000000 
10   4067  1.000000 
236   5815  0.917000 
846   4070  1.000000 
1123   4071  1.000000 
680   5814  1.000000 
1004   5815  1.000000 
582   5815  1.000000 
440   5815  1.000000 
960   5815  0.857000 
826   4070  1.000000 
133   17750  1.000000 
1176   5815  0.917000 
1153   5817  1.000000 
749   5815  1.000000 
914   5814  0.857000 
856   5815  1.000000 
186   17750  1.000000 
11   5815  0.909000 
141   5815  1.000000 
588   5814  1.000000 
1139   5815  0.909000 
792   4070  1.000000 
1175   5815  1.000000 
30   17750  1.000000 
220   5815  1.000000 
653   4461  1.000000 
413   5815  0.900000 
364   5815  1.000000 
422   5815  1.000000 
15   15833  1.000000 
29   5815  1.000000 
1281   5815  1.000000 
966   5814  0.833000 
646   5814  1.000000 
31   5815  1.000000 
309   6484  1.000000 
823   3014  1.000000 
692   3088  1.000000 
643   5815  1.000000 
1148   5816  0.500000 
1148   4070  0.500000 
972   5815  1.000000 
869   4070  1.000000 
1146   5816  1.000000 
898   5814  1.000000 
1139   5815  0.909000 
385   5815  1.000000 
257   5815  0.917000 
780   4070  1.000000 
1144   5815  1.000000 
863   5815  1.000000 
473   5815  1.000000 
162   17750  1.000000 
711   5815  1.000000 
840   4070  1.000000 
1258   5815  1.000000 
558   5815  1.000000 
738   5814  1.000000 
872   5814  1.000000 
1172   5814  1.000000 
875   5815  1.000000 
860   5816  0.250000 
860   5814  0.500000 
649   6104  1.000000 
100   17750  1.000000 
1344   5815  1.000000 
999   5814  1.000000 
813   5815  1.000000 
409   5815  1.000000 
647   5814  1.000000 
323   12975  1.000000 
663   5815  1.000000 
707   2964  1.000000 
609   5814  0.100000 
609   5815  0.900000 
1125   5814  0.333000 
786   5814  1.000000 
594   5815  0.900000 
774   2964  1.000000 
794   4070  1.000000 
696   5814  1.000000 
1136   5814  1.000000 
942   5815  0.857000 
641   5815  1.000000 
1119   5814  1.000000 
474   5815  1.000000 
754   5814  0.800000 
997   5815  1.000000 
906   5815  1.000000 
1208   5815  0.929000 
865   5815  1.000000 
510   5815  1.000000 
64   5815  1.000000 
